   Date      Apparent     Apparent    Distance  Distance   App. Ang.  Phase  Phase   S.E.   S.E.   P.A.   Ls    Solar
  (0 UT)       R.A.      Declination  to Earth   to Sun    Mag. Diam. Illum  Angle   Long   Lat    Axis         Elong
            h  m  s        °  '  "       a.u.      a.u.           "            °      °       °      °      °       °
  Jan 01   18 19 17.29   -24 38 08.6   1.43403   0.46627   0.3   4.7  0.989   12.2   84.0   -3.8    3.0  286.5    5.8W
  Jan 02   18 26 14.28   -24 39 32.4   1.43606   0.46563   0.3   4.7  0.991   11.1   88.6   -3.8    2.1  289.3    5.2W
  Jan 03   18 33 12.67   -24 39 33.6   1.43754   0.46472   0.3   4.7  0.992   10.0   93.1   -3.9    1.3  292.0    4.7W
  Jan 04   18 40 12.36   -24 38 11.3   1.43846   0.46353   0.3   4.7  0.994    9.0   97.7   -3.9    0.5  294.8    4.2W
  Jan 05   18 47 13.26   -24 35 24.4   1.43884   0.46206   0.3   4.7  0.995    7.9  102.2   -4.0  359.6  297.6    3.7W
  Jan 06   18 54 15.26   -24 31 12.0   1.43865   0.46032   0.3   4.7  0.996    6.9  106.7   -4.0  358.8  300.4    3.2W
  Jan 07   19 01 18.24   -24 25 32.9   1.43790   0.45831   0.3   4.7  0.997    6.0  111.3   -4.1  357.9  303.3    2.8W
  Jan 08   19 08 22.11   -24 18 26.5   1.43658   0.45603   0.2   4.7  0.998    5.2  115.8   -4.1  357.1  306.2    2.4W
  Jan 09   19 15 26.74   -24 09 51.8   1.43469   0.45349   0.2   4.7  0.998    4.5  120.3   -4.2  356.3  309.1    2.1W
  Jan 10   19 22 32.01   -23 59 48.0   1.43220   0.45068   0.2   4.7  0.999    4.2  124.8   -4.2  355.4  312.0    1.9W
  Jan 11   19 29 37.81   -23 48 14.4   1.42912   0.44761   0.2   4.7  0.999    4.3  129.3   -4.3  354.6  315.0    2.0E
  Jan 12   19 36 43.99   -23 35 10.2   1.42542   0.44429   0.2   4.7  0.998    4.8  133.8   -4.3  353.7  318.0    2.2E
  Jan 13   19 43 50.43   -23 20 34.9   1.42111   0.44072   0.1   4.7  0.998    5.6  138.3   -4.4  352.9  321.1    2.5E
  Jan 14   19 50 56.98   -23 04 27.8   1.41615   0.43691   0.1   4.7  0.997    6.6  142.8   -4.4  352.1  324.2    2.9E
  Jan 15   19 58 03.49   -22 46 48.5   1.41053   0.43287   0.1   4.8  0.995    7.9  147.2   -4.5  351.3  327.4    3.4E
  Jan 16   20 05 09.81   -22 27 36.6   1.40424   0.42859   0.1   4.8  0.994    9.2  151.7   -4.5  350.4  330.6    4.0E
  Jan 17   20 12 15.75   -22 06 51.7   1.39726   0.42410   0.0   4.8  0.991   10.7  156.2   -4.6  349.6  333.9    4.6E
  Jan 18   20 19 21.14   -21 44 33.9   1.38956   0.41941   0.0   4.8  0.989   12.3  160.6   -4.6  348.8  337.3    5.2E
  Jan 19   20 26 25.76   -21 20 43.1   1.38112   0.41452  -0.0   4.9  0.985   13.9  165.0   -4.7  348.0  340.7    5.8E
  Jan 20   20 33 29.39   -20 55 19.5   1.37191   0.40944  -0.1   4.9  0.981   15.7  169.5   -4.7  347.3  344.3    6.4E
  Jan 21   20 40 31.76   -20 28 23.6   1.36191   0.40420  -0.1   4.9  0.977   17.5  173.9   -4.8  346.5  347.9    7.1E
  Jan 22   20 47 32.59   -19 59 56.1   1.35109   0.39881  -0.1   5.0  0.971   19.5  178.3   -4.9  345.8  351.6    7.8E
  Jan 23   20 54 31.55   -19 29 58.1   1.33942   0.39329  -0.2   5.0  0.965   21.5  182.7   -4.9  345.0  355.5    8.4E
  Jan 24   21 01 28.28   -18 58 30.9   1.32687   0.38766  -0.2   5.1  0.958   23.7  187.2   -5.0  344.3  359.4    9.1E
  Jan 25   21 08 22.36   -18 25 36.5   1.31342   0.38194  -0.2   5.1  0.949   26.0  191.6   -5.1  343.6    3.4    9.8E
  Jan 26   21 15 13.30   -17 51 17.0   1.29903   0.37617  -0.3   5.2  0.940   28.4  196.0   -5.2  342.9    7.6   10.5E
  Jan 27   21 22 00.57   -17 15 35.5   1.28368   0.37036  -0.3   5.2  0.929   30.9  200.4   -5.3  342.2   11.9   11.1E
  Jan 28   21 28 43.54   -16 38 35.7   1.26734   0.36456  -0.3   5.3  0.916   33.6  204.8   -5.3  341.6   16.4   11.8E
  Jan 29   21 35 21.47   -16 00 22.1   1.24998   0.35879  -0.4   5.4  0.902   36.5  209.2   -5.4  341.0   21.0   12.5E
  Jan 30   21 41 53.57   -15 21 00.1   1.23158   0.35311  -0.4   5.5  0.886   39.5  213.7   -5.5  340.3   25.7   13.2E
  Jan 31   21 48 18.87   -14 40 36.2   1.21214   0.34754  -0.4   5.5  0.868   42.6  218.1   -5.6  339.8   30.6   13.8E

  Feb 01   21 54 36.29   -13 59 18.5   1.19165   0.34213  -0.4   5.6  0.847   46.0  222.6   -5.7  339.2   35.7   14.5E
  Feb 02   22 00 44.61   -13 17 15.9   1.17010   0.33693  -0.4   5.7  0.825   49.5  227.0   -5.9  338.7   40.9   15.1E
  Feb 03   22 06 42.43   -12 34 39.5   1.14752   0.33200  -0.4   5.9  0.799   53.3  231.6   -6.0  338.2   46.2   15.7E
  Feb 04   22 12 28.18   -11 51 41.8   1.12394   0.32738  -0.4   6.0  0.771   57.2  236.1   -6.1  337.7   51.8   16.2E
  Feb 05   22 18 00.13   -11 08 37.1   1.09940   0.32313  -0.4   6.1  0.740   61.3  240.7   -6.3  337.3   57.4   16.7E
  Feb 06   22 23 16.34   -10 25 41.8   1.07396   0.31929  -0.4   6.3  0.707   65.6  245.4   -6.4  336.9   63.3   17.2E
  Feb 07   22 28 14.73   -09 43 14.2   1.04773   0.31592  -0.4   6.4  0.670   70.1  250.1   -6.6  336.5   69.2   17.5E
  Feb 08   22 32 53.04   -09 01 34.5   1.02081   0.31306  -0.3   6.6  0.631   74.8  254.9   -6.8  336.1   75.3   17.8E
  Feb 09   22 37 08.92   -08 21 04.6   0.99333   0.31076  -0.2   6.8  0.589   79.7  259.8   -7.0  335.8   81.5   18.1E
  Feb 10   22 40 59.90   -07 42 08.4   0.96546   0.30905  -0.2   7.0  0.545   84.8  264.8   -7.2  335.6   87.7   18.2E
  Feb 11   22 44 23.53   -07 05 10.5   0.93737   0.30796  -0.0   7.2  0.500   90.0  269.9   -7.4  335.3   94.0   18.2E
  Feb 12   22 47 17.38   -06 30 36.7   0.90928   0.30750   0.1   7.4  0.453   95.4  275.2   -7.6  335.1  100.4   18.1E
  Feb 13   22 49 39.18   -05 58 53.0   0.88140   0.30769   0.3   7.6  0.405  100.9  280.5   -7.8  334.9  106.7   17.8E
  Feb 14   22 51 26.88   -05 30 25.1   0.85396   0.30851   0.5   7.9  0.357  106.6  286.1   -8.1  334.8  113.0   17.4E
  Feb 15   22 52 38.80   -05 05 37.3   0.82721   0.30997   0.7   8.1  0.310  112.3  291.7   -8.3  334.7  119.3   16.9E
  Feb 16   22 53 13.70   -04 44 52.4   0.80139   0.31202   1.0   8.4  0.264  118.2  297.6   -8.6  334.7  125.5   16.2E
  Feb 17   22 53 10.95   -04 28 29.9   0.77674   0.31464   1.4   8.7  0.220  124.0  303.6   -8.8  334.7  131.6   15.3E
  Feb 18   22 52 30.60   -04 16 45.7   0.75348   0.31780   1.8   8.9  0.179  130.0  309.8   -9.1  334.7  137.7   14.3E
  Feb 19   22 51 13.52   -04 09 50.6   0.73183   0.32145   2.3   9.2  0.141  135.9  316.2   -9.3  334.7  143.5   13.1E
  Feb 20   22 49 21.44   -04 07 49.8   0.71197   0.32553   2.8   9.4  0.107  141.8  322.8   -9.5  334.8  149.3   11.8E
  Feb 21   22 46 57.00   -04 10 41.9   0.69407   0.33000   3.5   9.7  0.078  147.7  329.5   -9.7  335.0  154.9   10.3E
  Feb 22   22 44 03.78   -04 18 18.0   0.67826   0.33481   4.3   9.9  0.053  153.4  336.3   -9.9  335.2  160.3    8.7E
  Feb 23   22 40 46.15   -04 30 22.1   0.66463   0.33990   5.3  10.1  0.034  158.8  343.3  -10.1  335.4  165.6    7.1E
  Feb 24   22 37 09.21   -04 46 31.0   0.65325   0.34522   6.4  10.3  0.020  163.8  350.4  -10.2  335.6  170.7    5.6E
  Feb 25   22 33 18.59   -05 06 15.2   0.64415   0.35073   7.6  10.4  0.011  167.7  357.6  -10.3  335.9  175.7    4.3E
  Feb 26   22 29 20.20   -05 28 59.9   0.63729   0.35637   8.4  10.6  0.008  169.6    4.8  -10.4  336.2  180.5    3.7W
  Feb 27   22 25 19.99   -05 54 06.8   0.63265   0.36211   8.0  10.6  0.010  168.5   12.0  -10.4  336.5  185.1    4.2W
  Feb 28   22 21 23.72   -06 20 56.3   0.63015   0.36790   6.9  10.7  0.016  165.3   19.3  -10.4  336.8  189.6    5.4W
  Feb 29   22 17 36.69   -06 48 48.6   0.62967   0.37371   5.9  10.7  0.027  161.1   26.5  -10.3  337.1  194.0    7.0W



Geocentric Ephemeris for Mercury : 2020
00:00 UTC (Coordinated Universal Time)

   Date      Apparent     Apparent    Distance  Distance   App. Ang.  Phase  Phase   S.E.   S.E.   P.A.   Ls    Solar
  (0 UT)       R.A.      Declination  to Earth   to Sun    Mag. Diam. Illum  Angle   Long   Lat    Axis         Elong
            h  m  s        °  '  "       a.u.      a.u.           "            °      °       °      °      °       °
  Mar 01   22 14 03.61   -07 17 06.0   0.63109   0.37950   5.0  10.7  0.041  156.6   33.6  -10.2  337.3  198.2    8.8W
  Mar 02   22 10 48.43   -07 45 13.9   0.63429   0.38525   4.3  10.6  0.058  152.0   40.7  -10.1  337.6  202.3   10.5W
  Mar 03   22 07 54.36   -08 12 42.1   0.63910   0.39092   3.7  10.5  0.078  147.5   47.7   -9.9  337.9  206.3   12.2W
  Mar 04   22 05 23.75   -08 39 04.7   0.64538   0.39649   3.2  10.4  0.100  143.1   54.6   -9.8  338.1  210.2   13.9W
  Mar 05   22 03 18.23   -09 04 00.9   0.65297   0.40193   2.8  10.3  0.123  138.9   61.4   -9.6  338.3  214.0   15.4W
  Mar 06   22 01 38.76   -09 27 14.0   0.66173   0.40724   2.5  10.2  0.147  134.9   68.0   -9.4  338.4  217.6   16.9W
  Mar 07   22 00 25.69   -09 48 31.9   0.67152   0.41239   2.2  10.0  0.172  131.0   74.6   -9.1  338.5  221.2   18.3W
  Mar 08   21 59 38.91   -10 07 45.6   0.68220   0.41736   2.0   9.9  0.196  127.4   81.0   -8.9  338.6  224.7   19.5W
  Mar 09   21 59 17.90   -10 24 49.5   0.69366   0.42214   1.8   9.7  0.221  123.9   87.3   -8.7  338.7  228.1   20.7W
  Mar 10   21 59 21.88   -10 39 40.3   0.70578   0.42672   1.6   9.5  0.246  120.5   93.5   -8.4  338.7  231.4   21.7W
  Mar 11   21 59 49.83   -10 52 16.5   0.71846   0.43108   1.5   9.4  0.270  117.4   99.7   -8.2  338.6  234.7   22.7W
  Mar 12   22 00 40.63   -11 02 38.3   0.73161   0.43522   1.3   9.2  0.294  114.4  105.7   -8.0  338.6  237.9   23.5W
  Mar 13   22 01 53.03   -11 10 46.8   0.74516   0.43914   1.2   9.0  0.317  111.5  111.6   -7.7  338.5  241.0   24.3W
  Mar 14   22 03 25.77   -11 16 44.2   0.75902   0.44281   1.1   8.9  0.339  108.8  117.4   -7.5  338.4  244.1   24.9W
  Mar 15   22 05 17.57   -11 20 33.1   0.77314   0.44623   1.1   8.7  0.361  106.2  123.1   -7.3  338.2  247.2   25.5W
  Mar 16   22 07 27.18   -11 22 16.3   0.78746   0.44941   1.0   8.5  0.382  103.7  128.8   -7.0  338.1  250.2   26.0W
  Mar 17   22 09 53.39   -11 21 57.0   0.80193   0.45233   0.9   8.4  0.402  101.3  134.4   -6.8  337.9  253.1   26.5W
  Mar 18   22 12 35.02   -11 19 38.6   0.81652   0.45499   0.9   8.2  0.421   99.1  139.9   -6.6  337.7  256.0   26.8W
  Mar 19   22 15 31.00   -11 15 24.3   0.83119   0.45738   0.8   8.1  0.440   96.9  145.3   -6.4  337.5  258.9   27.1W
  Mar 20   22 18 40.30   -11 09 17.3   0.84590   0.45951   0.8   8.0  0.458   94.8  150.7   -6.2  337.2  261.8   27.4W
  Mar 21   22 22 01.94   -11 01 20.9   0.86063   0.46136   0.8   7.8  0.476   92.8  156.0   -6.0  337.0  264.6   27.6W
  Mar 22   22 25 35.06   -10 51 38.1   0.87536   0.46294   0.7   7.7  0.492   90.9  161.3   -5.8  336.7  267.4   27.7W
  Mar 23   22 29 18.84   -10 40 11.7   0.89007   0.46425   0.7   7.6  0.509   89.0  166.5   -5.6  336.4  270.2   27.8W
  Mar 24   22 33 12.52   -10 27 04.7   0.90473   0.46528   0.7   7.4  0.524   87.2  171.7   -5.4  336.2  273.0   27.8W
  Mar 25   22 37 15.44   -10 12 19.6   0.91935   0.46603   0.7   7.3  0.540   85.5  176.8   -5.3  335.9  275.8   27.8W
  Mar 26   22 41 26.96   -09 55 59.1   0.93390   0.46650   0.6   7.2  0.554   83.8  181.9   -5.1  335.6  278.5   27.7W
  Mar 27   22 45 46.54   -09 38 05.6   0.94837   0.46670   0.6   7.1  0.569   82.1  186.9   -4.9  335.3  281.3   27.6W
  Mar 28   22 50 13.66   -09 18 41.4   0.96276   0.46661   0.6   7.0  0.583   80.5  191.9   -4.7  335.1  284.0   27.5W
  Mar 29   22 54 47.87   -08 57 48.7   0.97706   0.46625   0.6   6.9  0.596   78.9  196.9   -4.6  334.8  286.8   27.3W
  Mar 30   22 59 28.77   -08 35 29.5   0.99126   0.46561   0.6   6.8  0.609   77.4  201.8   -4.4  334.5  289.6   27.1W
  Mar 31   23 04 16.01   -08 11 45.9   1.00535   0.46469   0.5   6.7  0.622   75.8  206.7   -4.3  334.2  292.3   26.8W

  Apr 01   23 09 09.26   -07 46 39.8   1.01934   0.46349   0.5   6.6  0.635   74.3  211.6   -4.1  334.0  295.1   26.5W
  Apr 02   23 14 08.27   -07 20 12.9   1.03321   0.46201   0.5   6.5  0.648   72.8  216.4   -4.0  333.7  297.9   26.2W
  Apr 03   23 19 12.78   -06 52 27.2   1.04696   0.46027   0.5   6.4  0.660   71.3  221.2   -3.8  333.5  300.8   25.9W
  Apr 04   23 24 22.62   -06 23 24.2   1.06058   0.45825   0.5   6.3  0.672   69.9  226.0   -3.7  333.2  303.6   25.5W
  Apr 05   23 29 37.60   -05 53 05.6   1.07408   0.45596   0.4   6.3  0.684   68.4  230.7   -3.5  333.0  306.5   25.1W
  Apr 06   23 34 57.63   -05 21 32.9   1.08743   0.45340   0.4   6.2  0.696   66.9  235.4   -3.4  332.8  309.4   24.6W
  Apr 07   23 40 22.58   -04 48 47.7   1.10065   0.45059   0.4   6.1  0.708   65.4  240.1   -3.3  332.6  312.3   24.2W
  Apr 08   23 45 52.41   -04 14 51.5   1.11371   0.44751   0.4   6.0  0.720   63.9  244.8   -3.1  332.4  315.3   23.7W
  Apr 09   23 51 27.09   -03 39 45.7   1.12662   0.44418   0.3   6.0  0.732   62.4  249.4   -3.0  332.2  318.3   23.2W
  Apr 10   23 57 06.59   -03 03 31.8   1.13936   0.44061   0.3   5.9  0.743   60.9  254.0   -2.9  332.1  321.4   22.6W
  Apr 11   00 02 50.95   -02 26 11.3   1.15191   0.43679   0.3   5.8  0.755   59.3  258.6   -2.8  331.9  324.5   22.0W
  Apr 12   00 08 40.20   -01 47 45.8   1.16428   0.43273   0.2   5.8  0.767   57.7  263.1   -2.6  331.8  327.7   21.4W
  Apr 13   00 14 34.39   -01 08 16.9   1.17644   0.42846   0.2   5.7  0.779   56.1  267.7   -2.5  331.7  330.9   20.8W
  Apr 14   00 20 33.63   -00 27 46.1   1.18837   0.42396   0.2   5.7  0.791   54.4  272.2   -2.4  331.6  334.2   20.1W
  Apr 15   00 26 38.01   +00 13 44.8   1.20006   0.41926   0.1   5.6  0.803   52.7  276.6   -2.3  331.5  337.6   19.4W
  Apr 16   00 32 47.67   +00 56 14.1   1.21149   0.41436   0.1   5.6  0.815   51.0  281.1   -2.2  331.5  341.1   18.7W
  Apr 17   00 39 02.75   +01 39 39.7   1.22263   0.40928   0.1   5.5  0.827   49.1  285.5   -2.1  331.4  344.6   18.0W
  Apr 18   00 45 23.42   +02 23 59.7   1.23346   0.40404   0.0   5.5  0.839   47.3  289.9   -1.9  331.4  348.2   17.2W
  Apr 19   00 51 49.87   +03 09 11.7   1.24395   0.39864  -0.0   5.4  0.852   45.3  294.2   -1.8  331.5  352.0   16.4W
  Apr 20   00 58 22.31   +03 55 13.4   1.25405   0.39312  -0.1   5.4  0.864   43.3  298.6   -1.7  331.5  355.8   15.6W
  Apr 21   01 05 00.94   +04 42 02.0   1.26374   0.38748  -0.1   5.3  0.876   41.2  302.9   -1.6  331.6  359.7   14.7W
  Apr 22   01 11 45.99   +05 29 34.4   1.27297   0.38176  -0.2   5.3  0.889   39.0  307.2   -1.5  331.7    3.8   13.8W
  Apr 23   01 18 37.68   +06 17 47.4   1.28169   0.37599  -0.2   5.2  0.901   36.7  311.4   -1.4  331.8    8.0   12.9W
  Apr 24   01 25 36.25   +07 06 37.2   1.28986   0.37018  -0.2   5.2  0.913   34.3  315.7   -1.3  332.0   12.3   12.0W
  Apr 25   01 32 41.92   +07 55 59.4   1.29742   0.36438  -0.3   5.2  0.925   31.8  319.9   -1.2  332.1   16.8   11.0W
  Apr 26   01 39 54.90   +08 45 49.4   1.30430   0.35862  -0.3   5.2  0.937   29.1  324.0   -1.1  332.4   21.3   10.0W
  Apr 27   01 47 15.36   +09 36 01.7   1.31045   0.35293  -0.4   5.1  0.948   26.4  328.2   -1.0  332.6   26.1    9.0W
  Apr 28   01 54 43.47   +10 26 30.3   1.31579   0.34736  -0.4   5.1  0.959   23.5  332.3   -0.9  332.9   31.0    7.9W
  Apr 29   02 02 19.34   +11 17 08.4   1.32025   0.34196  -0.5   5.1  0.968   20.5  336.4   -0.9  333.2   36.0    6.8W
  Apr 30   02 10 03.01   +12 07 48.3   1.32376   0.33678  -0.5   5.1  0.977   17.4  340.5   -0.8  333.6   41.3    5.7W



Geocentric Ephemeris for Mercury : 2020
00:00 UTC (Coordinated Universal Time)

   Date      Apparent     Apparent    Distance  Distance   App. Ang.  Phase  Phase   S.E.   S.E.   P.A.   Ls    Solar
  (0 UT)       R.A.      Declination  to Earth   to Sun    Mag. Diam. Illum  Angle   Long   Lat    Axis         Elong
            h  m  s        °  '  "       a.u.      a.u.           "            °      °       °      °      °       °
  May 01   02 17 54.47   +12 58 21.8   1.32623   0.33185  -0.6   5.1  0.985   14.1  344.5   -0.7  334.0   46.6    4.6W
  May 02   02 25 53.61   +13 48 39.5   1.32761   0.32724  -0.6   5.1  0.991   10.7  348.5   -0.6  334.4   52.2    3.5W
  May 03   02 34 00.24   +14 38 31.5   1.32780   0.32300  -0.7   5.1  0.996    7.1  352.5   -0.5  334.9   57.8    2.3W
  May 04   02 42 14.02   +15 27 46.8   1.32674   0.31918  -0.7   5.1  0.999    3.5  356.5   -0.4  335.4   63.7    1.1W
  May 05   02 50 34.59   +16 16 13.9   1.32438   0.31582  -0.7   5.1  1.000    0.5    0.5   -0.3  336.0   69.6    0.1E
  May 06   02 59 01.22   +17 03 41.5   1.32066   0.31299  -0.8   5.1  0.999    4.3    4.5   -0.2  336.6   75.7    1.3E
  May 07   03 07 33.32   +17 49 56.4   1.31554   0.31070  -0.8   5.1  0.995    8.3    8.4   -0.1  337.2   81.9    2.5E
  May 08   03 16 10.00   +18 34 46.6   1.30900   0.30901  -0.8   5.1  0.988   12.3   12.4   -0.0  337.9   88.1    3.7E
  May 09   03 24 50.30   +19 17 59.9   1.30103   0.30794  -0.8   5.2  0.979   16.5   16.4    0.0  338.6   94.4    5.0E
  May 10   03 33 33.10   +19 59 24.8   1.29165   0.30750  -0.8   5.2  0.968   20.7   20.3    0.1  339.3  100.8    6.2E
  May 11   03 42 17.23   +20 38 50.2   1.28089   0.30771  -0.8   5.3  0.954   24.9   24.3    0.2  340.1  107.1    7.3E
  May 12   03 51 01.42   +21 16 06.5   1.26880   0.30855  -0.7   5.3  0.937   29.0   28.3    0.3  340.9  113.4    8.5E
  May 13   03 59 44.38   +21 51 05.2   1.25545   0.31002  -0.7   5.4  0.918   33.2   32.4    0.4  341.7  119.7    9.7E
  May 14   04 08 24.80   +22 23 39.3   1.24091   0.31209  -0.7   5.4  0.897   37.3   36.4    0.5  342.5  125.9   10.8E
  May 15   04 17 01.38   +22 53 43.5   1.22529   0.31474  -0.6   5.5  0.875   41.4   40.5    0.6  343.4  132.0   11.9E
  May 16   04 25 32.88   +23 21 14.0   1.20868   0.31791  -0.6   5.6  0.851   45.4   44.7    0.7  344.2  138.0   12.9E
  May 17   04 33 58.11   +23 46 08.7   1.19120   0.32157  -0.5   5.6  0.826   49.3   48.8    0.8  345.1  143.9   13.9E
  May 18   04 42 15.95   +24 08 27.1   1.17296   0.32567  -0.4   5.7  0.800   53.1   53.0    1.0  346.0  149.7   14.9E
  May 19   04 50 25.37   +24 28 09.8   1.15406   0.33015  -0.4   5.8  0.774   56.8   57.3    1.1  346.9  155.2   15.8E
  May 20   04 58 25.42   +24 45 19.1   1.13462   0.33496  -0.3   5.9  0.747   60.4   61.6    1.2  347.7  160.7   16.7E
  May 21   05 06 15.25   +24 59 57.8   1.11474   0.34006  -0.2   6.0  0.720   63.9   65.9    1.3  348.6  165.9   17.6E
  May 22   05 13 54.09   +25 12 10.1   1.09451   0.34539  -0.2   6.1  0.693   67.3   70.3    1.5  349.4  171.1   18.3E
  May 23   05 21 21.25   +25 22 00.6   1.07404   0.35090  -0.1   6.3  0.667   70.5   74.8    1.6  350.3  176.0   19.1E
  May 24   05 28 36.10   +25 29 34.6   1.05339   0.35655   0.0   6.4  0.640   73.7   79.3    1.7  351.1  180.8   19.7E
  May 25   05 35 38.07   +25 34 57.7   1.03266   0.36229   0.1   6.5  0.615   76.7   83.8    1.9  351.9  185.5   20.4E
  May 26   05 42 26.67   +25 38 16.0   1.01190   0.36808   0.2   6.6  0.589   79.7   88.5    2.0  352.7  190.0   20.9E
  May 27   05 49 01.42   +25 39 35.6   0.99118   0.37389   0.2   6.8  0.564   82.6   93.1    2.2  353.5  194.3   21.5E
  May 28   05 55 21.90   +25 39 02.8   0.97056   0.37968   0.3   6.9  0.540   85.4   97.8    2.3  354.2  198.6   21.9E
  May 29   06 01 27.71   +25 36 44.2   0.95009   0.38542   0.4   7.1  0.516   88.1  102.6    2.5  354.9  202.7   22.3E
  May 30   06 07 18.47   +25 32 46.1   0.92981   0.39109   0.5   7.2  0.493   90.8  107.4    2.7  355.6  206.7   22.7E
  May 31   06 12 53.83   +25 27 14.8   0.90976   0.39666   0.6   7.4  0.470   93.4  112.3    2.9  356.3  210.5   23.0E

  Jun 01   06 18 13.43   +25 20 16.8   0.88998   0.40210   0.7   7.6  0.448   96.0  117.3    3.1  356.9  214.3   23.2E
  Jun 02   06 23 16.93   +25 11 58.3   0.87051   0.40740   0.8   7.7  0.426   98.5  122.3    3.2  357.5  218.0   23.4E
  Jun 03   06 28 04.02   +25 02 25.6   0.85137   0.41254   0.9   7.9  0.405  101.0  127.3    3.4  358.1  221.5   23.5E
  Jun 04   06 32 34.35   +24 51 44.8   0.83259   0.41751   0.9   8.1  0.384  103.4  132.5    3.7  358.6  225.0   23.6E
  Jun 05   06 36 47.59   +24 40 02.0   0.81420   0.42228   1.0   8.3  0.363  105.9  137.6    3.9  359.1  228.4   23.6E
  Jun 06   06 40 43.41   +24 27 23.2   0.79623   0.42685   1.1   8.4  0.343  108.3  142.9    4.1  359.6  231.8   23.5E
  Jun 07   06 44 21.49   +24 13 54.2   0.77869   0.43121   1.2   8.6  0.323  110.7  148.2    4.3    0.0  235.0   23.4E
  Jun 08   06 47 41.48   +23 59 40.9   0.76162   0.43535   1.4   8.8  0.303  113.1  153.6    4.6    0.4  238.2   23.2E
  Jun 09   06 50 43.08   +23 44 49.1   0.74504   0.43925   1.5   9.0  0.284  115.6  159.0    4.8    0.8  241.4   23.0E
  Jun 10   06 53 25.96   +23 29 24.4   0.72897   0.44292   1.6   9.2  0.265  118.0  164.5    5.0    1.1  244.4   22.7E
  Jun 11   06 55 49.83   +23 13 32.4   0.71343   0.44634   1.7   9.4  0.247  120.5  170.1    5.3    1.4  247.5   22.3E
  Jun 12   06 57 54.42   +22 57 18.7   0.69846   0.44950   1.9   9.6  0.228  122.9  175.8    5.5    1.7  250.5   21.8E
  Jun 13   06 59 39.50   +22 40 48.8   0.68407   0.45241   2.0   9.8  0.210  125.4  181.5    5.8    1.9  253.4   21.3E
  Jun 14   07 01 04.88   +22 24 08.2   0.67030   0.45506   2.2  10.0  0.192  128.0  187.3    6.1    2.0  256.4   20.7E
  Jun 15   07 02 10.43   +22 07 22.3   0.65718   0.45745   2.3  10.2  0.175  130.5  193.2    6.3    2.2  259.2   20.0E
  Jun 16   07 02 56.09   +21 50 36.6   0.64472   0.45957   2.5  10.4  0.158  133.1  199.1    6.6    2.3  262.1   19.3E
  Jun 17   07 03 21.90   +21 33 56.5   0.63298   0.46141   2.7  10.6  0.142  135.8  205.1    6.9    2.3  264.9   18.5E
  Jun 18   07 03 28.03   +21 17 27.3   0.62197   0.46299   3.0  10.8  0.126  138.5  211.2    7.2    2.3  267.7   17.6E
  Jun 19   07 03 14.76   +21 01 14.5   0.61174   0.46428   3.2  11.0  0.110  141.2  217.4    7.4    2.3  270.5   16.6E
  Jun 20   07 02 42.52   +20 45 23.4   0.60232   0.46530   3.5  11.2  0.096  144.0  223.7    7.7    2.2  273.3   15.6E
  Jun 21   07 01 51.94   +20 29 59.2   0.59374   0.46605   3.8  11.3  0.082  146.8  230.0    8.0    2.1  276.1   14.5E
  Jun 22   07 00 43.81   +20 15 07.3   0.58604   0.46651   4.2  11.5  0.068  149.7  236.4    8.2    2.0  278.8   13.4E
  Jun 23   06 59 19.15   +20 00 52.9   0.57927   0.46670   4.6  11.6  0.056  152.5  242.9    8.5    1.8  281.6   12.2E
  Jun 24   06 57 39.19   +19 47 21.1   0.57345   0.46661   5.0  11.7  0.045  155.4  249.4    8.7    1.6  284.4   11.0E
  Jun 25   06 55 45.39   +19 34 37.0   0.56862   0.46623   5.5  11.8  0.035  158.3  256.0    8.9    1.4  287.1    9.8E
  Jun 26   06 53 39.44   +19 22 45.4   0.56482   0.46558   6.1  11.9  0.027  161.1  262.6    9.1    1.2  289.9    8.5E
  Jun 27   06 51 23.23   +19 11 51.0   0.56208   0.46465   6.8  12.0  0.020  163.8  269.3    9.3    0.9  292.7    7.3E
  Jun 28   06 48 58.88   +19 01 58.2   0.56043   0.46344   7.5  12.0  0.014  166.3  276.0    9.5    0.6  295.5    6.2E
  Jun 29   06 46 28.64   +18 53 11.2   0.55989   0.46196   8.2  12.0  0.010  168.4  282.7    9.7    0.3  298.3    5.3E
  Jun 30   06 43 54.94   +18 45 33.7   0.56049   0.46021   8.7  12.0  0.008  169.8  289.5    9.8  360.0  301.1    4.6E



Geocentric Ephemeris for Mercury : 2020
00:00 UTC (Coordinated Universal Time)

   Date      Apparent     Apparent    Distance  Distance   App. Ang.  Phase  Phase   S.E.   S.E.   P.A.   Ls    Solar
  (0 UT)       R.A.      Declination  to Earth   to Sun    Mag. Diam. Illum  Angle   Long   Lat    Axis         Elong
            h  m  s        °  '  "       a.u.      a.u.           "            °      °       °      °      °       °
  Jul 01   06 41 20.28   +18 39 09.0   0.56225   0.45818   8.9  12.0  0.007  170.1  296.3    9.9  359.7  303.9    4.4W
  Jul 02   06 38 47.22   +18 33 59.9   0.56517   0.45588   8.5  11.9  0.009  169.3  303.0   10.0  359.4  306.8    4.8W
  Jul 03   06 36 18.30   +18 30 08.5   0.56928   0.45332   7.9  11.8  0.012  167.6  309.7   10.0  359.1  309.7    5.5W
  Jul 04   06 33 56.03   +18 27 36.3   0.57456   0.45049   7.1  11.7  0.016  165.2  316.5   10.1  358.8  312.7    6.5W
  Jul 05   06 31 42.82   +18 26 24.0   0.58102   0.44741   6.4  11.6  0.023  162.5  323.1   10.1  358.5  315.6    7.6W
  Jul 06   06 29 40.92   +18 26 31.3   0.58866   0.44408   5.8  11.4  0.031  159.6  329.8   10.1  358.3  318.7    8.8W
  Jul 07   06 27 52.45   +18 27 57.4   0.59746   0.44049   5.2  11.3  0.041  156.5  336.3   10.0  358.0  321.7    9.9W
  Jul 08   06 26 19.30   +18 30 40.5   0.60740   0.43667   4.6  11.1  0.053  153.3  342.8   10.0  357.8  324.8   11.1W
  Jul 09   06 25 03.17   +18 34 37.9   0.61847   0.43261   4.2  10.9  0.066  150.1  349.3    9.9  357.7  328.0   12.2W
  Jul 10   06 24 05.55   +18 39 46.0   0.63065   0.42832   3.8  10.7  0.081  146.9  355.6    9.8  357.6  331.3   13.3W
  Jul 11   06 23 27.69   +18 46 00.8   0.64391   0.42382   3.4  10.4  0.098  143.6    1.9    9.7  357.5  334.6   14.3W
  Jul 12   06 23 10.66   +18 53 17.2   0.65822   0.41911   3.1  10.2  0.115  140.3    8.1    9.6  357.5  338.0   15.3W
  Jul 13   06 23 15.34   +19 01 29.6   0.67356   0.41421   2.7  10.0  0.134  137.0   14.2    9.4  357.5  341.4   16.1W
  Jul 14   06 23 42.40   +19 10 31.5   0.68989   0.40912   2.5   9.7  0.155  133.7   20.3    9.3  357.5  345.0   16.9W
  Jul 15   06 24 32.38   +19 20 16.2   0.70717   0.40387   2.2   9.5  0.176  130.4   26.2    9.1  357.6  348.6   17.6W
  Jul 16   06 25 45.68   +19 30 36.1   0.72537   0.39848   2.0   9.3  0.199  127.0   32.0    9.0  357.8  352.3   18.2W
  Jul 17   06 27 22.56   +19 41 23.2   0.74446   0.39295   1.8   9.0  0.223  123.7   37.8    8.8  358.0  356.2   18.8W
  Jul 18   06 29 23.18   +19 52 29.1   0.76438   0.38731   1.5   8.8  0.248  120.3   43.4    8.6  358.2    0.1   19.2W
  Jul 19   06 31 47.62   +20 03 44.9   0.78510   0.38159   1.4   8.6  0.274  116.9   49.0    8.5  358.5    4.2   19.6W
  Jul 20   06 34 35.87   +20 15 01.2   0.80656   0.37581   1.2   8.3  0.301  113.4   54.5    8.3  358.9    8.3   19.8W
  Jul 21   06 37 47.84   +20 26 08.3   0.82871   0.37001   1.0   8.1  0.330  109.9   59.8    8.1  359.2   12.7   20.0W
  Jul 22   06 41 23.38   +20 36 56.0   0.85149   0.36421   0.8   7.9  0.359  106.4   65.1    7.9  359.7   17.1   20.1W
  Jul 23   06 45 22.28   +20 47 13.7   0.87485   0.35845   0.7   7.7  0.390  102.7   70.3    7.8    0.2   21.7   20.1W
  Jul 24   06 49 44.25   +20 56 50.6   0.89870   0.35276   0.5   7.5  0.421   99.1   75.4    7.6    0.7   26.5   20.1W
  Jul 25   06 54 28.96   +21 05 35.6   0.92298   0.34720   0.4   7.3  0.454   95.3   80.5    7.4    1.3   31.4   19.9W
  Jul 26   06 59 35.94   +21 13 17.1   0.94758   0.34181   0.3   7.1  0.487   91.5   85.4    7.3    1.9   36.4   19.7W
  Jul 27   07 05 04.68   +21 19 43.8   0.97243   0.33663   0.2   6.9  0.521   87.6   90.3    7.1    2.5   41.6   19.3W
  Jul 28   07 10 54.53   +21 24 44.0   0.99741   0.33171   0.0   6.7  0.556   83.6   95.0    7.0    3.2   47.0   18.9W
  Jul 29   07 17 04.73   +21 28 06.4   1.02242   0.32712  -0.1   6.6  0.591   79.5   99.7    6.8    4.0   52.6   18.5W
  Jul 30   07 23 34.36   +21 29 39.6   1.04733   0.32289  -0.2   6.4  0.626   75.4  104.3    6.7    4.7   58.2   17.9W
  Jul 31   07 30 22.37   +21 29 13.2   1.07202   0.31908  -0.3   6.3  0.661   71.2  108.9    6.5    5.5   64.1   17.3W

  Aug 01   07 37 27.55   +21 26 37.2   1.09635   0.31574  -0.4   6.1  0.696   66.9  113.4    6.4    6.4   70.0   16.6W
  Aug 02   07 44 48.52   +21 21 42.8   1.12019   0.31291  -0.4   6.0  0.730   62.6  117.8    6.3    7.2   76.1   15.9W
  Aug 03   07 52 23.74   +21 14 22.2   1.14340   0.31065  -0.5   5.9  0.763   58.2  122.2    6.2    8.1   82.3   15.1W
  Aug 04   08 00 11.57   +21 04 29.4   1.16585   0.30898  -0.6   5.8  0.795   53.8  126.5    6.1    9.0   88.5   14.2W
  Aug 05   08 08 10.20   +20 51 59.9   1.18740   0.30792  -0.6   5.7  0.825   49.4  130.7    6.0    9.9   94.8   13.3W
  Aug 06   08 16 17.78   +20 36 51.4   1.20795   0.30751  -0.6   5.6  0.853   45.0  134.9    5.9   10.8  101.2   12.4W
  Aug 07   08 24 32.39   +20 19 03.3   1.22739   0.30773  -0.7   5.5  0.879   40.7  139.1    5.8   11.8  107.5   11.4W
  Aug 08   08 32 52.14   +19 58 37.0   1.24564   0.30859  -0.7   5.4  0.902   36.4  143.3    5.7   12.7  113.9   10.4W
  Aug 09   08 41 15.15   +19 35 35.9   1.26261   0.31008  -0.7   5.3  0.923   32.2  147.4    5.6   13.6  120.1    9.4W
  Aug 10   08 49 39.65   +19 10 05.2   1.27827   0.31217  -0.7   5.3  0.941   28.1  151.5    5.6   14.5  126.3    8.4W
  Aug 11   08 58 03.97   +18 42 11.3   1.29258   0.31483  -0.7   5.2  0.956   24.1  155.6    5.5   15.4  132.4    7.3W
  Aug 12   09 06 26.60   +18 12 02.1   1.30554   0.31802  -0.7   5.2  0.969   20.3  159.6    5.4   16.2  138.4    6.3W
  Aug 13   09 14 46.21   +17 39 46.5   1.31713   0.32169  -0.7   5.1  0.979   16.7  163.7    5.4   17.1  144.3    5.2W
  Aug 14   09 23 01.63   +17 05 33.8   1.32740   0.32580  -0.6   5.1  0.987   13.2  167.8    5.3   17.9  150.0    4.2W
  Aug 15   09 31 11.90   +16 29 33.7   1.33635   0.33029  -0.6   5.0  0.992   10.1  171.9    5.3   18.7  155.6    3.3W
  Aug 16   09 39 16.20   +15 51 56.3   1.34405   0.33512  -0.6   5.0  0.996    7.4  176.0    5.3   19.4  161.1    2.5W
  Aug 17   09 47 13.93   +15 12 51.4   1.35053   0.34022  -0.5   5.0  0.998    5.6  180.1    5.2   20.1  166.3    1.9W
  Aug 18   09 55 04.61   +14 32 28.4   1.35586   0.34556  -0.5   5.0  0.998    5.3  184.2    5.2   20.8  171.4    1.8E
  Aug 19   10 02 47.88   +13 50 56.7   1.36008   0.35107  -0.4   4.9  0.997    6.5  188.3    5.2   21.5  176.4    2.3E
  Aug 20   10 10 23.55   +13 08 24.8   1.36327   0.35672  -0.4   4.9  0.994    8.5  192.5    5.1   22.1  181.2    3.0E
  Aug 21   10 17 51.50   +12 25 01.1   1.36547   0.36246  -0.3   4.9  0.991   10.8  196.7    5.1   22.7  185.8    3.8E
  Aug 22   10 25 11.71   +11 40 53.2   1.36675   0.36826  -0.3   4.9  0.987   13.1  200.9    5.1   23.2  190.3    4.7E
  Aug 23   10 32 24.22   +10 56 08.2   1.36716   0.37406  -0.3   4.9  0.982   15.3  205.1    5.1   23.8  194.7    5.6E
  Aug 24   10 39 29.14   +10 10 52.5   1.36676   0.37985  -0.2   4.9  0.977   17.5  209.3    5.0   24.2  198.9    6.5E
  Aug 25   10 46 26.61   +09 25 12.3   1.36560   0.38559  -0.2   4.9  0.971   19.7  213.6    5.0   24.7  203.0    7.4E
  Aug 26   10 53 16.83   +08 39 13.0   1.36372   0.39126  -0.1   4.9  0.965   21.7  217.8    5.0   25.1  207.0    8.2E
  Aug 27   10 59 59.99   +07 52 59.7   1.36116   0.39682  -0.1   4.9  0.958   23.7  222.1    5.0   25.5  210.8    9.1E
  Aug 28   11 06 36.33   +07 06 37.0   1.35798   0.40226  -0.0   5.0  0.951   25.6  226.5    5.0   25.9  214.6    9.9E
  Aug 29   11 13 06.07   +06 20 09.2   1.35420   0.40756  -0.0   5.0  0.944   27.4  230.8    5.0   26.3  218.3   10.7E
  Aug 30   11 19 29.46   +05 33 40.1   1.34985   0.41269   0.0   5.0  0.937   29.2  235.2    5.0   26.6  221.8   11.5E
  Aug 31   11 25 46.74   +04 47 13.1   1.34498   0.41765   0.1   5.0  0.929   30.9  239.5    4.9   26.9  225.3   12.2E



Geocentric Ephemeris for Mercury : 2020
00:00 UTC (Coordinated Universal Time)

   Date      Apparent     Apparent    Distance  Distance   App. Ang.  Phase  Phase   S.E.   S.E.   P.A.   Ls    Solar
  (0 UT)       R.A.      Declination  to Earth   to Sun    Mag. Diam. Illum  Angle   Long   Lat    Axis         Elong
            h  m  s        °  '  "       a.u.      a.u.           "            °      °       °      °      °       °
  Sep 01   11 31 58.15   +04 00 51.7   1.33960   0.42242   0.1   5.0  0.922   32.5  244.0    4.9   27.1  228.7   13.0E
  Sep 02   11 38 03.93   +03 14 38.7   1.33374   0.42699   0.1   5.0  0.914   34.1  248.4    4.9   27.4  232.1   13.7E
  Sep 03   11 44 04.32   +02 28 36.9   1.32742   0.43134   0.2   5.1  0.906   35.6  252.8    4.9   27.6  235.3   14.4E
  Sep 04   11 49 59.52   +01 42 48.8   1.32066   0.43547   0.2   5.1  0.898   37.2  257.3    4.9   27.8  238.5   15.1E
  Sep 05   11 55 49.76   +00 57 16.8   1.31348   0.43936   0.2   5.1  0.891   38.6  261.8    4.9   28.0  241.7   15.8E
  Sep 06   12 01 35.22   +00 12 03.2   1.30589   0.44302   0.2   5.2  0.883   40.1  266.3    4.9   28.1  244.7   16.4E
  Sep 07   12 07 16.11   -00 32 50.0   1.29791   0.44643   0.3   5.2  0.875   41.5  270.8    4.9   28.3  247.8   17.1E
  Sep 08   12 12 52.58   -01 17 20.8   1.28954   0.44959   0.3   5.2  0.867   42.9  275.4    4.8   28.4  250.8   17.7E
  Sep 09   12 18 24.79   -02 01 27.3   1.28080   0.45249   0.3   5.3  0.858   44.2  279.9    4.8   28.5  253.7   18.3E
  Sep 10   12 23 52.87   -02 45 07.6   1.27169   0.45514   0.3   5.3  0.850   45.6  284.5    4.8   28.5  256.6   18.8E
  Sep 11   12 29 16.96   -03 28 20.1   1.26222   0.45751   0.3   5.3  0.842   46.9  289.1    4.8   28.6  259.5   19.4E
  Sep 12   12 34 37.15   -04 11 02.9   1.25240   0.45962   0.4   5.4  0.833   48.2  293.8    4.8   28.6  262.4   19.9E
  Sep 13   12 39 53.53   -04 53 14.4   1.24223   0.46146   0.4   5.4  0.824   49.6  298.4    4.8   28.7  265.2   20.4E
  Sep 14   12 45 06.15   -05 34 52.9   1.23171   0.46302   0.4   5.5  0.815   50.9  303.1    4.8   28.7  268.0   20.9E
  Sep 15   12 50 15.06   -06 15 56.6   1.22085   0.46431   0.4   5.5  0.806   52.2  307.7    4.8   28.6  270.8   21.4E
  Sep 16   12 55 20.28   -06 56 23.8   1.20965   0.46533   0.4   5.6  0.797   53.5  312.4    4.7   28.6  273.6   21.9E
  Sep 17   13 00 21.79   -07 36 12.9   1.19811   0.46606   0.4   5.6  0.788   54.9  317.2    4.7   28.6  276.4   22.3E
  Sep 18   13 05 19.59   -08 15 21.8   1.18623   0.46652   0.4   5.7  0.778   56.2  321.9    4.7   28.5  279.1   22.7E
  Sep 19   13 10 13.59   -08 53 48.9   1.17401   0.46670   0.4   5.7  0.768   57.6  326.7    4.7   28.5  281.9   23.1E
  Sep 20   13 15 03.72   -09 31 32.1   1.16145   0.46660   0.4   5.8  0.757   59.0  331.5    4.7   28.4  284.6   23.5E
  Sep 21   13 19 49.85   -10 08 29.5   1.14855   0.46621   0.4   5.9  0.747   60.4  336.3    4.7   28.3  287.4   23.8E
  Sep 22   13 24 31.82   -10 44 38.8   1.13532   0.46555   0.4   5.9  0.736   61.9  341.1    4.7   28.2  290.2   24.1E
  Sep 23   13 29 09.45   -11 19 57.9   1.12175   0.46462   0.4   6.0  0.724   63.4  346.0    4.6   28.1  293.0   24.4E
  Sep 24   13 33 42.49   -11 54 24.2   1.10784   0.46340   0.4   6.1  0.712   64.9  350.8    4.6   27.9  295.7   24.7E
  Sep 25   13 38 10.66   -12 27 55.1   1.09360   0.46191   0.5   6.2  0.700   66.5  355.7    4.6   27.8  298.6   25.0E
  Sep 26   13 42 33.62   -13 00 27.9   1.07903   0.46015   0.5   6.2  0.687   68.1    0.7    4.6   27.6  301.4   25.2E
  Sep 27   13 46 50.98   -13 31 59.6   1.06413   0.45811   0.5   6.3  0.673   69.7    5.6    4.6   27.5  304.2   25.4E
  Sep 28   13 51 02.31   -14 02 26.8   1.04891   0.45581   0.5   6.4  0.659   71.5   10.6    4.6   27.3  307.1   25.5E
  Sep 29   13 55 07.07   -14 31 46.1   1.03337   0.45324   0.5   6.5  0.644   73.3   15.7    4.5   27.2  310.0   25.7E
  Sep 30   13 59 04.70   -14 59 53.4   1.01752   0.45040   0.5   6.6  0.628   75.1   20.8    4.5   27.0  313.0   25.8E

  Oct 01   14 02 54.51   -15 26 44.7   1.00137   0.44731   0.5   6.7  0.612   77.1   25.9    4.5   26.8  315.9   25.8E
  Oct 02   14 06 35.76   -15 52 15.1   0.98494   0.44397   0.5   6.8  0.595   79.1   31.0    4.5   26.7  319.0   25.8E
  Oct 03   14 10 07.59   -16 16 19.4   0.96823   0.44038   0.5   6.9  0.576   81.2   36.2    4.5   26.5  322.0   25.8E
  Oct 04   14 13 29.03   -16 38 52.0   0.95127   0.43655   0.5   7.1  0.557   83.4   41.5    4.4   26.3  325.2   25.7E
  Oct 05   14 16 39.04   -16 59 46.4   0.93409   0.43248   0.5   7.2  0.537   85.8   46.8    4.4   26.2  328.3   25.6E
  Oct 06   14 19 36.40   -17 18 55.5   0.91671   0.42819   0.6   7.3  0.515   88.2   52.1    4.4   26.0  331.6   25.3E
  Oct 07   14 22 19.82   -17 36 11.4   0.89917   0.42368   0.6   7.5  0.493   90.8   57.6    4.4   25.8  334.9   25.1E
  Oct 08   14 24 47.83   -17 51 25.3   0.88151   0.41896   0.6   7.6  0.469   93.6   63.1    4.3   25.7  338.3   24.7E
  Oct 09   14 26 58.88   -18 04 27.5   0.86378   0.41405   0.7   7.8  0.444   96.4   68.6    4.3   25.6  341.7   24.3E
  Oct 10   14 28 51.25   -18 15 07.0   0.84605   0.40897   0.8   7.9  0.418   99.5   74.3    4.3   25.5  345.3   23.8E
  Oct 11   14 30 23.16   -18 23 12.0   0.82839   0.40371   0.8   8.1  0.390  102.7   80.0    4.3   25.4  348.9   23.2E
  Oct 12   14 31 32.71   -18 28 29.3   0.81089   0.39831   0.9   8.3  0.361  106.2   85.9    4.2   25.3  352.6   22.5E
  Oct 13   14 32 17.96   -18 30 44.9   0.79365   0.39278   1.0   8.5  0.331  109.8   91.9    4.2   25.3  356.5   21.7E
  Oct 14   14 32 37.00   -18 29 43.7   0.77679   0.38714   1.2   8.7  0.299  113.7   97.9    4.1   25.2    0.4   20.8E
  Oct 15   14 32 28.00   -18 25 09.9   0.76045   0.38142   1.3   8.8  0.267  117.8  104.1    4.1   25.3    4.5   19.8E
  Oct 16   14 31 49.35   -18 16 48.0   0.74478   0.37564   1.6   9.0  0.234  122.2  110.5    4.0   25.3    8.7   18.6E
  Oct 17   14 30 39.75   -18 04 22.7   0.72996   0.36983   1.8   9.2  0.200  126.8  117.0    3.9   25.4   13.0   17.3E
  Oct 18   14 28 58.44   -17 47 41.1   0.71619   0.36403   2.1   9.4  0.167  131.8  123.6    3.9   25.5   17.5   15.8E
  Oct 19   14 26 45.32   -17 26 33.2   0.70370   0.35827   2.5   9.6  0.135  137.0  130.3    3.8   25.6   22.1   14.2E
  Oct 20   14 24 01.22   -17 00 54.7   0.69270   0.35259   3.0   9.7  0.103  142.5  137.3    3.7   25.7   26.8   12.5E
  Oct 21   14 20 48.06   -16 30 48.4   0.68345   0.34704   3.7   9.8  0.075  148.3  144.3    3.6   25.9   31.7   10.6E
  Oct 22   14 17 09.01   -15 56 27.1   0.67620   0.34165   4.5   9.9  0.049  154.3  151.5    3.4   26.1   36.8    8.6E
  Oct 23   14 13 08.58   -15 18 15.2   0.67119   0.33648   5.7  10.0  0.028  160.7  158.8    3.3   26.3   42.0    6.4E
  Oct 24   14 08 52.59   -14 36 50.3   0.66864   0.33157   7.4  10.1  0.013  167.2  166.1    3.1   26.5   47.4    4.3E
  Oct 25   14 04 28.00   -13 53 03.0   0.66875   0.32698  10.4  10.1  0.003  173.6  173.6    2.9   26.7   52.9    2.1E
  Oct 26   14 00 02.61   -13 07 55.7   0.67165   0.32276  13.6  10.0  0.001  176.9  181.0    2.8   26.9   58.6    1.0W
  Oct 27   13 55 44.65   -12 22 39.4   0.67743   0.31897   9.0   9.9  0.006  171.2  188.4    2.6   27.1   64.5    2.8W
  Oct 28   13 51 42.23   -11 38 29.1   0.68611   0.31564   6.5   9.8  0.019  164.2  195.8    2.4   27.2   70.4    5.0W
  Oct 29   13 48 02.90   -10 56 38.8   0.69765   0.31284   4.9   9.6  0.039  157.1  203.0    2.1   27.4   76.5    7.0W
  Oct 30   13 44 53.16   -10 18 15.8   0.71191   0.31059   3.7   9.4  0.067  150.0  210.2    1.9   27.5   82.7    9.0W
  Oct 31   13 42 18.20   -09 44 17.0   0.72872   0.30894   2.9   9.2  0.101  142.9  217.1    1.7   27.6   89.0   10.8W



Geocentric Ephemeris for Mercury : 2020
00:00 UTC (Coordinated Universal Time)

   Date      Apparent     Apparent    Distance  Distance   App. Ang.  Phase  Phase   S.E.   S.E.   P.A.   Ls    Solar
  (0 UT)       R.A.      Declination  to Earth   to Sun    Mag. Diam. Illum  Angle   Long   Lat    Axis         Elong
            h  m  s        °  '  "       a.u.      a.u.           "            °      °       °      °      °       °
  Nov 01   13 40 21.65   -09 15 25.9   0.74783   0.30790   2.2   9.0  0.141  135.9  223.9    1.5   27.6   95.3   12.4W
  Nov 02   13 39 05.68   -08 52 11.0   0.76897   0.30750   1.7   8.7  0.184  129.2  230.5    1.3   27.7  101.6   13.9W
  Nov 03   13 38 30.98   -08 34 46.9   0.79184   0.30775   1.3   8.5  0.231  122.6  236.9    1.1   27.7  108.0   15.2W
  Nov 04   13 38 37.06   -08 23 15.1   0.81611   0.30863   0.9   8.2  0.279  116.2  243.1    1.0   27.7  114.3   16.2W
  Nov 05   13 39 22.46   -08 17 26.2   0.84148   0.31014   0.7   8.0  0.329  110.0  249.1    0.8   27.7  120.5   17.1W
  Nov 06   13 40 44.95   -08 17 03.1   0.86763   0.31224   0.4   7.8  0.378  104.1  255.0    0.6   27.6  126.8   17.8W
  Nov 07   13 42 41.88   -08 21 42.4   0.89428   0.31492   0.3   7.5  0.426   98.5  260.6    0.5   27.5  132.9   18.3W
  Nov 08   13 45 10.31   -08 30 57.3   0.92118   0.31812   0.1   7.3  0.473   93.1  266.2    0.3   27.5  138.9   18.7W
  Nov 09   13 48 07.20   -08 44 19.2   0.94809   0.32181   0.0   7.1  0.517   88.0  271.5    0.2   27.3  144.7   18.9W
  Nov 10   13 51 29.56   -09 01 19.1   0.97481   0.32593  -0.1   6.9  0.560   83.1  276.8    0.0   27.2  150.4   19.1W
  Nov 11   13 55 14.53   -09 21 28.5   1.00118   0.33043  -0.1   6.7  0.599   78.6  282.0   -0.1   27.1  156.0   19.1W
  Nov 12   13 59 19.44   -09 44 20.4   1.02704   0.33527  -0.2   6.5  0.636   74.2  287.0   -0.2   26.9  161.4   19.0W
  Nov 13   14 03 41.85   -10 09 29.6   1.05230   0.34038  -0.2   6.4  0.670   70.1  292.0   -0.3   26.7  166.7   18.9W
  Nov 14   14 08 19.58   -10 36 33.0   1.07686   0.34572  -0.2   6.2  0.702   66.2  296.9   -0.4   26.5  171.8   18.6W
  Nov 15   14 13 10.67   -11 05 09.6   1.10065   0.35124  -0.2   6.1  0.730   62.6  301.8   -0.5   26.3  176.7   18.4W
  Nov 16   14 18 13.41   -11 35 00.4   1.12363   0.35690  -0.2   6.0  0.757   59.1  306.6   -0.6   26.0  181.5   18.0W
  Nov 17   14 23 26.32   -12 05 48.7   1.14575   0.36264  -0.2   5.9  0.781   55.8  311.4   -0.7   25.7  186.2   17.7W
  Nov 18   14 28 48.10   -12 37 19.5   1.16699   0.36843  -0.2   5.8  0.803   52.8  316.1   -0.8   25.4  190.7   17.3W
  Nov 19   14 34 17.66   -13 09 19.7   1.18736   0.37424  -0.2   5.7  0.822   49.8  320.8   -0.9   25.1  195.0   16.8W
  Nov 20   14 39 54.04   -13 41 37.6   1.20683   0.38003  -0.2   5.6  0.840   47.1  325.5   -1.0   24.7  199.2   16.4W
  Nov 21   14 45 36.44   -14 14 03.1   1.22542   0.38577  -0.1   5.5  0.857   44.5  330.1   -1.1   24.4  203.3   15.9W
  Nov 22   14 51 24.20   -14 46 27.2   1.24314   0.39143  -0.1   5.4  0.872   42.0  334.8   -1.1   24.0  207.3   15.4W
  Nov 23   14 57 16.74   -15 18 41.9   1.25999   0.39699  -0.1   5.3  0.885   39.7  339.4   -1.2   23.6  211.2   14.9W
  Nov 24   15 03 13.59   -15 50 40.5   1.27600   0.40242  -0.1   5.3  0.897   37.4  344.0   -1.3   23.1  214.9   14.4W
  Nov 25   15 09 14.35   -16 22 16.8   1.29117   0.40772  -0.0   5.2  0.908   35.3  348.6   -1.4   22.7  218.6   13.8W
  Nov 26   15 15 18.69   -16 53 25.3   1.30554   0.41285   0.0   5.2  0.918   33.3  353.2   -1.4   22.2  222.2   13.3W
  Nov 27   15 21 26.33   -17 24 01.4   1.31911   0.41780   0.0   5.1  0.927   31.4  357.8   -1.5   21.7  225.6   12.7W
  Nov 28   15 27 37.05   -17 54 00.7   1.33191   0.42256   0.1   5.0  0.935   29.5    2.4   -1.6   21.2  229.0   12.2W
  Nov 29   15 33 50.66   -18 23 19.5   1.34395   0.42712   0.1   5.0  0.942   27.8    7.0   -1.7   20.7  232.4   11.7W
  Nov 30   15 40 07.01   -18 51 54.4   1.35526   0.43147   0.1   5.0  0.949   26.1   11.5   -1.7   20.1  235.6   11.1W

  Dec 01   15 46 25.96   -19 19 42.3   1.36584   0.43559   0.1   4.9  0.955   24.5   16.1   -1.8   19.6  238.8   10.5W
  Dec 02   15 52 47.42   -19 46 40.4   1.37573   0.43948   0.2   4.9  0.961   22.9   20.7   -1.9   19.0  242.0   10.0W
  Dec 03   15 59 11.29   -20 12 46.1   1.38494   0.44313   0.2   4.9  0.966   21.4   25.3   -1.9   18.4  245.0    9.4W
  Dec 04   16 05 37.50   -20 37 57.1   1.39347   0.44653   0.2   4.8  0.970   19.9   29.8   -2.0   17.8  248.1    8.9W
  Dec 05   16 12 06.00   -21 02 11.1   1.40135   0.44968   0.2   4.8  0.974   18.5   34.4   -2.1   17.1  251.1    8.3W
  Dec 06   16 18 36.71   -21 25 26.2   1.40859   0.45258   0.2   4.8  0.978   17.2   39.0   -2.1   16.5  254.0    7.8W
  Dec 07   16 25 09.62   -21 47 40.4   1.41520   0.45521   0.2   4.8  0.981   15.8   43.5   -2.2   15.8  256.9    7.3W
  Dec 08   16 31 44.66   -22 08 51.8   1.42119   0.45758   0.3   4.7  0.984   14.6   48.1   -2.3   15.1  259.8    6.7W
  Dec 09   16 38 21.81   -22 28 58.8   1.42657   0.45968   0.3   4.7  0.987   13.3   52.7   -2.3   14.4  262.7    6.2W
  Dec 10   16 45 01.02   -22 47 59.7   1.43136   0.46151   0.3   4.7  0.989   12.1   57.3   -2.4   13.7  265.5    5.6W
  Dec 11   16 51 42.26   -23 05 52.9   1.43555   0.46307   0.3   4.7  0.991   10.9   61.8   -2.5   13.0  268.3    5.1W
  Dec 12   16 58 25.50   -23 22 36.9   1.43916   0.46435   0.3   4.7  0.993    9.7   66.4   -2.5   12.3  271.1    4.6W
  Dec 13   17 05 10.67   -23 38 10.1   1.44219   0.46535   0.3   4.7  0.994    8.6   71.0   -2.6   11.5  273.9    4.0W
  Dec 14   17 11 57.76   -23 52 31.3   1.44464   0.46608   0.3   4.7  0.996    7.5   75.5   -2.7   10.8  276.7    3.5W
  Dec 15   17 18 46.68   -24 05 38.8   1.44652   0.46653   0.3   4.6  0.997    6.4   80.1   -2.7   10.0  279.4    3.0W
  Dec 16   17 25 37.39   -24 17 31.5   1.44784   0.46670   0.3   4.6  0.998    5.4   84.7   -2.8    9.2  282.2    2.6W
  Dec 17   17 32 29.83   -24 28 07.9   1.44859   0.46659   0.3   4.6  0.998    4.5   89.2   -2.9    8.5  284.9    2.1W
  Dec 18   17 39 23.91   -24 37 26.7   1.44877   0.46620   0.3   4.6  0.999    3.7   93.8   -2.9    7.7  287.7    1.7W
  Dec 19   17 46 19.58   -24 45 26.6   1.44839   0.46553   0.3   4.6  0.999    3.2   98.4   -3.0    6.9  290.5    1.5W
  Dec 20   17 53 16.75   -24 52 06.4   1.44743   0.46458   0.3   4.6  0.999    3.1  102.9   -3.1    6.0  293.2    1.4W
  Dec 21   18 00 15.33   -24 57 24.7   1.44591   0.46336   0.3   4.7  0.999    3.4  107.5   -3.1    5.2  296.0    1.6E
  Dec 22   18 07 15.24   -25 01 20.5   1.44381   0.46186   0.3   4.7  0.999    4.1  112.0   -3.2    4.4  298.8    1.9E
  Dec 23   18 14 16.36   -25 03 52.4   1.44114   0.46009   0.3   4.7  0.998    5.0  116.6   -3.3    3.6  301.7    2.3E
  Dec 24   18 21 18.58   -25 04 59.5   1.43788   0.45804   0.3   4.7  0.997    6.0  121.1   -3.3    2.7  304.5    2.8E
  Dec 25   18 28 21.80   -25 04 40.5   1.43402   0.45573   0.2   4.7  0.996    7.2  125.6   -3.4    1.9  307.4    3.3E
  Dec 26   18 35 25.87   -25 02 54.5   1.42956   0.45315   0.2   4.7  0.995    8.4  130.2   -3.5    1.0  310.3    3.8E
  Dec 27   18 42 30.66   -24 59 40.5   1.42450   0.45031   0.2   4.7  0.993    9.6  134.7   -3.6    0.2  313.2    4.4E
  Dec 28   18 49 36.01   -24 54 57.4   1.41880   0.44721   0.2   4.7  0.991   10.9  139.2   -3.6  359.3  316.2    4.9E
  Dec 29   18 56 41.75   -24 48 44.4   1.41248   0.44386   0.2   4.8  0.989   12.3  143.8   -3.7  358.5  319.2    5.5E
  Dec 30   19 03 47.71   -24 41 00.6   1.40550   0.44026   0.1   4.8  0.986   13.7  148.3   -3.8  357.6  322.3    6.1E
  Dec 31   19 10 53.67   -24 31 45.4   1.39786   0.43642   0.1   4.8  0.983   15.2  152.8   -3.9  356.8  325.4    6.7E
                                                                                                                        