,pe1,pe2,labels
156d1a14-bbb8-11e8-b2ba-ac1f6b6435d0_green.png,4.568482608944608,4.5363444535773505,0
0969d07a-bba6-11e8-b2ba-ac1f6b6435d0_green.png,6.038974991715526,5.990527220898026,0
12680f70-bbc4-11e8-b2bc-ac1f6b6435d0_green.png,3.871219795390238,4.6279431794107,0
0c20be96-bbc9-11e8-b2bc-ac1f6b6435d0_green.png,6.375303000842803,6.15486542323751,0
06d620c2-bbae-11e8-b2ba-ac1f6b6435d0_green.png,7.216302450431775,7.034769029462326,0
0eab8318-bbc8-11e8-b2bc-ac1f6b6435d0_green.png,7.0668019060893785,7.108626520409257,0
0e20a772-bbbc-11e8-b2ba-ac1f6b6435d0_green.png,6.845678181255381,6.720263845225658,0
0e04c5d2-bbaa-11e8-b2ba-ac1f6b6435d0_green.png,7.055070776001288,7.1229263248661985,0
10890c6e-bbb9-11e8-b2ba-ac1f6b6435d0_green.png,7.916026584621,7.786008328986474,0
01453738-bbb8-11e8-b2ba-ac1f6b6435d0_green.png,5.840652350793295,6.440991895857452,0
0e8b00e4-bbc7-11e8-b2bc-ac1f6b6435d0_green.png,6.154796478961579,6.0187612202944045,0
042b856a-bb9a-11e8-b2b9-ac1f6b6435d0_green.png,6.121480270590121,6.013784116865438,0
181222a4-bbb9-11e8-b2ba-ac1f6b6435d0_green.png,3.86954083186015,4.25607797315848,0
05c5da42-bbae-11e8-b2ba-ac1f6b6435d0_green.png,4.167032858305765,4.041463921535285,0
0d716f64-bbc1-11e8-b2bb-ac1f6b6435d0_green.png,5.190856642918813,5.15723694095319,0
1c2378d2-bbbb-11e8-b2ba-ac1f6b6435d0_green.png,5.205493185828814,5.765129913607211,0
0a643566-bbbe-11e8-b2ba-ac1f6b6435d0_green.png,6.342065186884262,6.444263858203061,0
07d0a4ec-bbc3-11e8-b2bc-ac1f6b6435d0_green.png,7.587703842674454,7.2802330741756425,0
18de662e-bbb5-11e8-b2ba-ac1f6b6435d0_green.png,5.643969665337113,5.388762172488579,0
00855996-bbad-11e8-b2ba-ac1f6b6435d0_green.png,6.284971093591196,6.12328406807978,0
06799c40-bbbc-11e8-b2ba-ac1f6b6435d0_green.png,6.468603676820036,6.385460563806669,0
1dc07bc6-bba3-11e8-b2b9-ac1f6b6435d0_green.png,6.022947502236928,6.1925358750523,0
0d00a76a-bb9f-11e8-b2b9-ac1f6b6435d0_green.png,7.500746995063369,6.762400909297817,0
09d805ce-bbb3-11e8-b2ba-ac1f6b6435d0_green.png,7.14398833979154,6.550501241232949,0
097b3478-bba1-11e8-b2b9-ac1f6b6435d0_green.png,7.646002303924158,7.596994492353126,0
133f3946-bbc4-11e8-b2bc-ac1f6b6435d0_green.png,7.381843069937831,7.450972446805356,0
04fbd60e-bba7-11e8-b2ba-ac1f6b6435d0_green.png,4.940752011409494,4.795981927461009,0
11d0dd52-bbac-11e8-b2ba-ac1f6b6435d0_green.png,4.452281899027562,5.835300252462023,0
1a7e1b98-bbae-11e8-b2ba-ac1f6b6435d0_green.png,6.101917660236783,5.884951230186319,0
066625f2-bb9e-11e8-b2b9-ac1f6b6435d0_green.png,6.443730313131391,6.446960714792557,0
18797d7e-bbb8-11e8-b2ba-ac1f6b6435d0_green.png,4.116274477841353,4.4782135364025155,0
0497a9cc-bbca-11e8-b2bc-ac1f6b6435d0_green.png,7.499689840430843,7.3176841725401545,0
003feb6e-bbca-11e8-b2bc-ac1f6b6435d0_green.png,6.771856994974186,6.81106966447218,0
059e4b10-bbb0-11e8-b2ba-ac1f6b6435d0_green.png,5.461637768203398,5.101965930585078,0
01dfa77a-bba2-11e8-b2b9-ac1f6b6435d0_green.png,6.283256598128755,6.0082813216280515,0
05a37b7c-bbbe-11e8-b2ba-ac1f6b6435d0_green.png,6.668890023914534,6.07273804107605,0
144afe5a-bba2-11e8-b2b9-ac1f6b6435d0_green.png,4.143528235156764,4.319285371055298,0
1507e650-bbbb-11e8-b2ba-ac1f6b6435d0_green.png,6.117003054457113,5.987254397289556,0
10cc089e-bbb8-11e8-b2ba-ac1f6b6435d0_green.png,5.008946839695861,5.00787387993806,0
015f63c8-bba5-11e8-b2ba-ac1f6b6435d0_green.png,6.696777450332212,6.9251874843177195,0
069dcc6c-bbaa-11e8-b2ba-ac1f6b6435d0_green.png,4.223041218380421,5.0836958565790376,0
17857812-bbc4-11e8-b2bc-ac1f6b6435d0_green.png,5.910197566982196,6.231832325181234,0
17d64ba2-bbbf-11e8-b2ba-ac1f6b6435d0_green.png,5.157000997458045,5.2635331889642005,0
16c9ea5a-bbbc-11e8-b2ba-ac1f6b6435d0_green.png,7.770188134601774,7.292069089531588,0
001bcdd2-bbb2-11e8-b2ba-ac1f6b6435d0_green.png,6.600222103909998,6.8347592653397715,0
1ec907de-bbaa-11e8-b2ba-ac1f6b6435d0_green.png,7.401416837614208,7.3910239752190305,0
1826c3b4-bba3-11e8-b2b9-ac1f6b6435d0_green.png,3.761142984714005,4.14453763321422,0
0ed7c2bc-bb9f-11e8-b2b9-ac1f6b6435d0_green.png,5.405031835441087,5.1825255696634756,0
1c999258-bbc8-11e8-b2bc-ac1f6b6435d0_green.png,4.446777954199373,5.383841698080876,0
040fb954-bba7-11e8-b2ba-ac1f6b6435d0_green.png,6.903309748954459,6.454226578017161,0
199f5e3e-bbbe-11e8-b2ba-ac1f6b6435d0_green.png,8.65915207305991,8.717994318380407,0
1a573602-bbb0-11e8-b2ba-ac1f6b6435d0_green.png,6.387810956721865,6.348629935303597,0
1e7c71de-bbba-11e8-b2ba-ac1f6b6435d0_green.png,6.69929149831486,6.747285178267292,0
156ca0d4-bba4-11e8-b2b9-ac1f6b6435d0_green.png,7.205925216364268,7.0377824137708735,0
083c112e-bbbd-11e8-b2ba-ac1f6b6435d0_green.png,5.857201641954684,6.13759903424636,0
1c6d0af8-bbb4-11e8-b2ba-ac1f6b6435d0_green.png,6.850740211410624,6.9570972007402565,0
1e4e7d4c-bbab-11e8-b2ba-ac1f6b6435d0_green.png,6.680722786887221,6.633886729182534,0
1a36d4f8-bbbe-11e8-b2ba-ac1f6b6435d0_green.png,7.013545937044645,6.992217928091305,0
194cfda4-bbc0-11e8-b2bb-ac1f6b6435d0_green.png,1.6894873264343049,3.246825962086587,0
0b936016-bba9-11e8-b2ba-ac1f6b6435d0_green.png,7.8682949229534955,7.671295173727058,0
150b4eb6-bbb2-11e8-b2ba-ac1f6b6435d0_green.png,2.361256684365753,3.8197686750307813,0
02a13382-bbb0-11e8-b2ba-ac1f6b6435d0_green.png,7.197122107453925,7.20773879569918,0
16485324-bb9d-11e8-b2b9-ac1f6b6435d0_green.png,4.680277769410742,4.651726756360225,0
08c5a068-bbc4-11e8-b2bc-ac1f6b6435d0_green.png,5.785255352890147,5.997246708121284,0
02d2c686-bbb5-11e8-b2ba-ac1f6b6435d0_green.png,7.08433927916303,7.240314833702631,0
13c4b0a2-bbc5-11e8-b2bc-ac1f6b6435d0_green.png,6.331949036298364,6.42214407644534,0
10a1bde2-bbbc-11e8-b2ba-ac1f6b6435d0_green.png,6.02534913069286,6.342316076235646,0
18f2010c-bbb5-11e8-b2ba-ac1f6b6435d0_green.png,7.684845047001632,7.594619156814767,0
1d27adba-bbbc-11e8-b2ba-ac1f6b6435d0_green.png,5.930464457348459,5.861630518513045,0
0a1d66b8-bbaa-11e8-b2ba-ac1f6b6435d0_green.png,7.004694216585887,6.675733332708946,0
1e3222dc-bbb0-11e8-b2ba-ac1f6b6435d0_green.png,3.850504230795687,4.303465098287756,0
178d1faa-bbaf-11e8-b2ba-ac1f6b6435d0_green.png,4.404157471599545,4.4262232649480335,0
1609dae2-bb9b-11e8-b2b9-ac1f6b6435d0_green.png,6.599074479436086,6.494674225332662,0
154af91c-bbc1-11e8-b2bb-ac1f6b6435d0_green.png,5.300038059580701,5.59722843418122,0
1884673e-bbb3-11e8-b2ba-ac1f6b6435d0_green.png,6.093706877292959,6.314903028205075,0
04fd5b44-bbb3-11e8-b2ba-ac1f6b6435d0_green.png,6.9261380508266885,6.994503210513877,0
0c044380-bbb3-11e8-b2ba-ac1f6b6435d0_green.png,4.387615321154753,5.349573948140396,0
1accf152-bbb6-11e8-b2ba-ac1f6b6435d0_green.png,6.9339446122550825,6.912330154367332,0
105487bc-bbb1-11e8-b2ba-ac1f6b6435d0_green.png,5.821861761647088,6.130614595850662,0
051b0d08-bbc5-11e8-b2bc-ac1f6b6435d0_green.png,7.782830996853115,7.752565316624374,0
144dcdcc-bbc2-11e8-b2bb-ac1f6b6435d0_green.png,5.03894025210751,5.122143913292437,0
1505ef2c-bbb5-11e8-b2ba-ac1f6b6435d0_green.png,7.80346277927684,7.633605371236553,0
1885bf78-bba7-11e8-b2ba-ac1f6b6435d0_green.png,7.4094061567437315,7.501096470882767,0
10cb0924-bbc4-11e8-b2bc-ac1f6b6435d0_green.png,2.4971269829741667,3.5083894223036345,0
1eb1c97a-bbc3-11e8-b2bc-ac1f6b6435d0_green.png,5.072583263469001,5.155853280711783,0
1d288574-bba2-11e8-b2b9-ac1f6b6435d0_green.png,6.584338389149759,6.4712157299372235,0
12d3cce0-bbb7-11e8-b2ba-ac1f6b6435d0_green.png,6.240785583741065,6.003463436839059,0
0dbbfa28-bbb4-11e8-b2ba-ac1f6b6435d0_green.png,2.9760934406297728,4.192553558115048,0
0ed058de-bbb2-11e8-b2ba-ac1f6b6435d0_green.png,5.534973112136267,5.695881695264982,0
0643a336-bba0-11e8-b2b9-ac1f6b6435d0_green.png,7.1207647866848705,6.791270010212991,0
0b7286d0-bbb7-11e8-b2ba-ac1f6b6435d0_green.png,2.662999480933798,3.5955273720702694,0
170e303e-bba3-11e8-b2b9-ac1f6b6435d0_green.png,3.582198809324984,3.910814032721727,0
0ffceb48-bba1-11e8-b2b9-ac1f6b6435d0_green.png,7.4652113729265706,7.514864784440624,0
1aa795da-bba5-11e8-b2ba-ac1f6b6435d0_green.png,4.6698171232579,6.178071673755934,0
06469606-bba3-11e8-b2b9-ac1f6b6435d0_green.png,5.316045590523836,5.272465154694403,0
19640680-bbb0-11e8-b2ba-ac1f6b6435d0_green.png,5.70975829606475,5.516697405979558,0
0412456c-bba6-11e8-b2ba-ac1f6b6435d0_green.png,6.501203921195266,6.425110775553795,0
0e4ec642-bbb8-11e8-b2ba-ac1f6b6435d0_green.png,3.4632455001456,4.290667987195732,0
13217bac-bbb7-11e8-b2ba-ac1f6b6435d0_green.png,6.836583438489946,6.501559642707786,0
15af5382-bbab-11e8-b2ba-ac1f6b6435d0_green.png,7.523501398243443,7.617363162735613,0
11539720-bba7-11e8-b2ba-ac1f6b6435d0_green.png,1.821840697118604,3.0219370893573094,0
083f2828-bbb8-11e8-b2ba-ac1f6b6435d0_green.png,4.652777111970981,4.347443810457694,0
195ac63c-bbca-11e8-b2bc-ac1f6b6435d0_green.png,5.771651035429335,5.8436154087932,0
0e6c61a6-bba5-11e8-b2ba-ac1f6b6435d0_green.png,6.798025592984354,6.636598225705014,0
094a9576-bba0-11e8-b2b9-ac1f6b6435d0_green.png,6.692747029469408,6.696125081768372,0
0cd9481a-bbb7-11e8-b2ba-ac1f6b6435d0_green.png,6.123534460119321,6.21356447579659,0
048ef882-bbb0-11e8-b2ba-ac1f6b6435d0_green.png,6.683145848260215,6.277221906117551,0
13018e08-bbaa-11e8-b2ba-ac1f6b6435d0_green.png,6.7625272730837525,6.818972491000914,0
0411e646-bbc2-11e8-b2bb-ac1f6b6435d0_green.png,7.99513199504538,7.817107672928684,0
0dc3d912-bba7-11e8-b2ba-ac1f6b6435d0_green.png,6.806856000281773,7.377485999728243,0
07f5b202-bbad-11e8-b2ba-ac1f6b6435d0_green.png,4.826016261916286,4.768380934433167,0
1a0075c0-bbaa-11e8-b2ba-ac1f6b6435d0_green.png,6.03776839460364,5.779671311908457,0
1bb9c98e-bbb9-11e8-b2ba-ac1f6b6435d0_green.png,4.774616224292299,4.945106910224668,0
1ced40c2-bbca-11e8-b2bc-ac1f6b6435d0_green.png,5.754175122847316,5.9037735557311715,0
1008a826-bba5-11e8-b2ba-ac1f6b6435d0_green.png,7.83826374050787,7.756293412951016,0
02dca032-bba3-11e8-b2b9-ac1f6b6435d0_green.png,7.961496618168407,7.757347413434399,0
1f867b02-bb9b-11e8-b2b9-ac1f6b6435d0_green.png,5.158209039448398,5.781392991278997,0
0ecb5c9c-bbb4-11e8-b2ba-ac1f6b6435d0_green.png,7.8254234040080535,7.819109506834697,0
03add00c-bb9a-11e8-b2b9-ac1f6b6435d0_green.png,7.7597157759489725,7.767331147544368,0
1f7f7bc6-bb9c-11e8-b2b9-ac1f6b6435d0_green.png,3.7245181177632505,4.669441492624995,0
10b51d8e-bbc0-11e8-b2bb-ac1f6b6435d0_green.png,6.109436783523104,6.318994556660276,0
11c6a5da-bbc5-11e8-b2bc-ac1f6b6435d0_green.png,6.349234911282336,6.116605871461252,0
05f378c8-bbc5-11e8-b2bc-ac1f6b6435d0_green.png,5.485461082379941,5.616712010824356,0
1b31f032-bbb8-11e8-b2ba-ac1f6b6435d0_green.png,6.109051914029006,6.048477951294648,0
11a6dc44-bbb3-11e8-b2ba-ac1f6b6435d0_green.png,6.881760786802777,6.843350381032015,0
0a537870-bbb4-11e8-b2ba-ac1f6b6435d0_green.png,7.90457897510862,7.827083107341853,0
15eeceae-bba1-11e8-b2b9-ac1f6b6435d0_green.png,7.210154131759033,7.053173851257515,0
13d29622-bbc5-11e8-b2bc-ac1f6b6435d0_green.png,7.2252919029756955,7.3990967782079355,0
0cfbad10-bbb7-11e8-b2ba-ac1f6b6435d0_green.png,6.617043983266054,6.634152162502161,0
1a07c6d0-bbb0-11e8-b2ba-ac1f6b6435d0_green.png,6.673467632203236,6.368853565743022,0
16104cb2-bbb2-11e8-b2ba-ac1f6b6435d0_green.png,7.278920911518442,7.274371589285417,0
19df4ffc-bbb5-11e8-b2ba-ac1f6b6435d0_green.png,7.0175031846572,6.443738781988811,0
1af90f8e-bbb7-11e8-b2ba-ac1f6b6435d0_green.png,6.634448950422652,6.617054296858062,0
151715cc-bba6-11e8-b2ba-ac1f6b6435d0_green.png,6.871974106426696,6.854647008971174,0
13c2cdee-bb9a-11e8-b2b9-ac1f6b6435d0_green.png,7.736273131960957,7.469374968111351,0
047f68c6-bbbb-11e8-b2ba-ac1f6b6435d0_green.png,7.451875106577147,7.406666500971264,0
1ee3d074-bb9f-11e8-b2b9-ac1f6b6435d0_green.png,6.573206413695124,6.742720688868514,0
0c9c30da-bbbf-11e8-b2ba-ac1f6b6435d0_green.png,5.933531971954034,5.535591310691633,0
1e325db6-bbaf-11e8-b2ba-ac1f6b6435d0_green.png,6.026739094588074,6.04160504901329,0
0e254292-bba7-11e8-b2ba-ac1f6b6435d0_green.png,6.814735986925189,6.763389357393959,0
0ca8c2e8-bb9f-11e8-b2b9-ac1f6b6435d0_green.png,7.041209802076448,6.791245299355618,0
0a027b48-bba3-11e8-b2b9-ac1f6b6435d0_green.png,6.391288976982817,6.497205898354595,0
0ab3efe8-bbb9-11e8-b2ba-ac1f6b6435d0_green.png,6.989022572538654,7.060823143796231,0
08745aea-bbb6-11e8-b2ba-ac1f6b6435d0_green.png,7.254063023155976,7.064903102729944,0
01cd718c-bbc9-11e8-b2bc-ac1f6b6435d0_green.png,6.853684438317636,6.449122634125271,0
0ac345be-bb9c-11e8-b2b9-ac1f6b6435d0_green.png,5.894933689723714,6.173392579464764,0
1d7aa1c8-bbad-11e8-b2ba-ac1f6b6435d0_green.png,4.448309379258279,4.776745988411305,0
043798f6-bb9e-11e8-b2b9-ac1f6b6435d0_green.png,6.293629130297447,6.28181865533678,0
04f76528-bbc1-11e8-b2bb-ac1f6b6435d0_green.png,6.88801633173805,6.939366212629631,0
0ac3265e-bb9e-11e8-b2b9-ac1f6b6435d0_green.png,6.457610832184004,6.587794798028503,0
0c9265f0-bba1-11e8-b2b9-ac1f6b6435d0_green.png,7.520608139605551,7.473251238949052,0
120cd6d8-bbb9-11e8-b2ba-ac1f6b6435d0_green.png,6.281417001633838,6.3902440932515665,0
00751f10-bbab-11e8-b2ba-ac1f6b6435d0_green.png,4.599096616218156,4.661119026454254,0
06f02a3e-bbc3-11e8-b2bc-ac1f6b6435d0_green.png,5.4442705871762,5.703348770411801,0
1aeffbcc-bbaa-11e8-b2ba-ac1f6b6435d0_green.png,7.278793250653501,6.641488211453494,0
026777cc-bb9d-11e8-b2b9-ac1f6b6435d0_green.png,7.040744495617977,7.093242997729934,0
0cef0266-bbaa-11e8-b2ba-ac1f6b6435d0_green.png,6.010753354040183,6.249950684443428,0
1234fe94-bb9e-11e8-b2b9-ac1f6b6435d0_green.png,6.2762061306973145,6.353935858804192,0
06a53340-bbb8-11e8-b2ba-ac1f6b6435d0_green.png,6.729338017698618,6.513721096172889,0
1b6d317c-bbbf-11e8-b2ba-ac1f6b6435d0_green.png,1.5568551958506684,3.1355786732021422,0
1b7de668-bb9f-11e8-b2b9-ac1f6b6435d0_green.png,4.508407642108902,4.786685715105785,0
12f68712-bbc1-11e8-b2bb-ac1f6b6435d0_green.png,7.426131900965432,7.419870036146211,0
0ca06d56-bb9e-11e8-b2b9-ac1f6b6435d0_green.png,5.29729435370446,5.469566563356716,0
1d223be2-bba2-11e8-b2b9-ac1f6b6435d0_green.png,7.202164659056429,7.355881117305629,0
04db2e42-bb9b-11e8-b2b9-ac1f6b6435d0_green.png,3.0528691113188446,4.069706039641235,0
11538f48-bb9b-11e8-b2b9-ac1f6b6435d0_green.png,6.129559352632053,5.569314982665817,0
070e2440-bbb3-11e8-b2ba-ac1f6b6435d0_green.png,6.021507094771254,6.166240685061047,0
02aa71e0-bba1-11e8-b2b9-ac1f6b6435d0_green.png,4.872005681602495,5.2145862295047545,0
07988fd6-bba4-11e8-b2b9-ac1f6b6435d0_green.png,1.7041587973458048,3.1820111642081983,0
1a062ade-bb9a-11e8-b2b9-ac1f6b6435d0_green.png,3.2253170572205767,3.9165342675783155,0
1086f222-bbb3-11e8-b2ba-ac1f6b6435d0_green.png,6.858979284889076,6.388571913553807,0
0c3c2d7e-bba7-11e8-b2ba-ac1f6b6435d0_green.png,4.234799903498998,4.7434756936553955,0
136d90b6-bbab-11e8-b2ba-ac1f6b6435d0_green.png,5.080447788996188,5.488510301359488,0
0f88ffa8-bbb5-11e8-b2ba-ac1f6b6435d0_green.png,6.997244592524713,7.04970710420333,0
0c6f5926-bbbe-11e8-b2ba-ac1f6b6435d0_green.png,7.125028466122814,7.007080882055378,0
1beb26ea-bbc9-11e8-b2bc-ac1f6b6435d0_green.png,6.023909790622144,6.970974242821888,0
01095156-bbb7-11e8-b2ba-ac1f6b6435d0_green.png,6.817257452601787,6.860492446258406,0
158197ac-bbb1-11e8-b2ba-ac1f6b6435d0_green.png,6.69448711337408,6.810367525209964,0
011364f4-bba1-11e8-b2b9-ac1f6b6435d0_green.png,6.97808505061115,6.7285480439524505,0
12549c88-bbc9-11e8-b2bc-ac1f6b6435d0_green.png,7.141236937299435,7.34369670332878,0
1d725bb8-bbc0-11e8-b2bb-ac1f6b6435d0_green.png,4.424133668342139,4.664394699156987,0
04494456-bbb3-11e8-b2ba-ac1f6b6435d0_green.png,6.96171462985469,6.851029452443596,0
07397636-bba9-11e8-b2ba-ac1f6b6435d0_green.png,6.573204868064702,6.740502538105775,0
1dbeed30-bbb5-11e8-b2ba-ac1f6b6435d0_green.png,7.39365382538263,7.256037612712411,0
0ba6d23c-bba3-11e8-b2b9-ac1f6b6435d0_green.png,7.658691688677065,7.450387499384302,0
02261342-bbb4-11e8-b2ba-ac1f6b6435d0_green.png,8.37120780328896,8.455300899799226,0
00c76b88-bbb2-11e8-b2ba-ac1f6b6435d0_green.png,6.265200038673521,6.522815011162944,0
1510fd74-bbbd-11e8-b2ba-ac1f6b6435d0_green.png,2.658989400222728,3.817939398087019,0
03ff022c-bbc4-11e8-b2bc-ac1f6b6435d0_green.png,6.865652326075981,6.876753572233696,0
065ae06a-bbb8-11e8-b2ba-ac1f6b6435d0_green.png,5.320941310042662,5.705581074461577,0
13549c24-bba0-11e8-b2b9-ac1f6b6435d0_green.png,5.187742625118288,5.241288491567701,0
10ff9dbe-bbac-11e8-b2ba-ac1f6b6435d0_green.png,7.888397702300512,7.7503017097930975,0
0535d4cc-bbab-11e8-b2ba-ac1f6b6435d0_green.png,5.607871105752268,5.609144804917255,0
0d38f85c-bbba-11e8-b2ba-ac1f6b6435d0_green.png,5.337605722023258,5.57042668956378,0
0add2158-bbc6-11e8-b2bc-ac1f6b6435d0_green.png,5.739800630858112,6.099628954214202,0
0a9e174e-bbb5-11e8-b2ba-ac1f6b6435d0_green.png,7.268928928106172,7.264828766835993,0
163bb334-bba3-11e8-b2b9-ac1f6b6435d0_green.png,4.156120730460199,4.657370756500821,0
10ca39c8-bbc3-11e8-b2bc-ac1f6b6435d0_green.png,6.155664130458618,6.377716978665285,0
15ea7b56-bbc9-11e8-b2bc-ac1f6b6435d0_green.png,4.829147022594015,5.057609339366694,0
0994603e-bb9b-11e8-b2b9-ac1f6b6435d0_green.png,5.271961684294468,5.652772487381846,0
1017564a-bba1-11e8-b2b9-ac1f6b6435d0_green.png,6.07447415767397,5.901529156631181,0
0067cae4-bb9d-11e8-b2b9-ac1f6b6435d0_green.png,5.03205739397126,5.088204850153542,0
100e0614-bba4-11e8-b2b9-ac1f6b6435d0_green.png,8.002300654083307,7.867920682059848,0
1a5a2a7e-bbb5-11e8-b2ba-ac1f6b6435d0_green.png,7.0138616273754435,6.840978494715974,0
17c1f1da-bbaa-11e8-b2ba-ac1f6b6435d0_green.png,4.578661716792799,5.603558961575192,0
002679c2-bbb6-11e8-b2ba-ac1f6b6435d0_green.png,4.663854083989941,4.820048554014923,0
11d8a26e-bbc8-11e8-b2bc-ac1f6b6435d0_green.png,7.179395830502984,7.116423942823161,0
1d951fbc-bbb7-11e8-b2ba-ac1f6b6435d0_green.png,7.498443027926036,7.651250630468097,0
1087544e-bbc0-11e8-b2bb-ac1f6b6435d0_green.png,6.9632137188045675,6.820512828747032,0
18c06b7a-bbc3-11e8-b2bc-ac1f6b6435d0_green.png,4.326304367509701,5.408243496227874,0
0f90eac0-bbc8-11e8-b2bc-ac1f6b6435d0_green.png,7.156914965483493,6.28648631970922,0
190f7acc-bbae-11e8-b2ba-ac1f6b6435d0_green.png,6.946263886802965,7.024636020428821,0
02271820-bbad-11e8-b2ba-ac1f6b6435d0_green.png,4.687848592440949,4.9175450377580106,0
1258502e-bbbc-11e8-b2ba-ac1f6b6435d0_green.png,5.722631947875913,6.173780779512681,0
0f0801ba-bbaf-11e8-b2ba-ac1f6b6435d0_green.png,2.7949798088979643,3.442841049661477,0
0ad12a32-bb9f-11e8-b2b9-ac1f6b6435d0_green.png,6.154374257580335,5.911798576833181,0
0ad45aa2-bb9c-11e8-b2b9-ac1f6b6435d0_green.png,6.362027716480922,5.882398020716308,0
0d17b49e-bba6-11e8-b2ba-ac1f6b6435d0_green.png,5.295401108705365,5.406821385020014,0
10e0a0f0-bbaa-11e8-b2ba-ac1f6b6435d0_green.png,6.437123964387934,6.473166343584738,0
10ece65e-bba9-11e8-b2ba-ac1f6b6435d0_green.png,4.841264816193782,5.189380543472565,0
0cc5182a-bba0-11e8-b2b9-ac1f6b6435d0_green.png,6.299513984332857,6.160352198039072,0
0abcf5be-bbc5-11e8-b2bc-ac1f6b6435d0_green.png,6.257274460352852,6.441025407679586,0
099f59a4-bba9-11e8-b2ba-ac1f6b6435d0_green.png,7.295109242496219,7.331487326054415,0
0a007b34-bba5-11e8-b2ba-ac1f6b6435d0_green.png,5.4270882376224705,5.327958027980285,0
0aefd7b2-bbb2-11e8-b2ba-ac1f6b6435d0_green.png,6.823447074784254,6.837618648287901,0
0f0f32b2-bbb6-11e8-b2ba-ac1f6b6435d0_green.png,6.708163288970497,6.917739126325782,0
1b1a19b6-bbc3-11e8-b2bc-ac1f6b6435d0_green.png,6.043689840819981,6.353713943162051,0
07ce88e4-bbc6-11e8-b2bc-ac1f6b6435d0_green.png,4.234106033438759,4.69535926055785,0
1842bab4-bb9a-11e8-b2b9-ac1f6b6435d0_green.png,5.5707518610284,5.3890021963414085,0
13d4b18a-bbb3-11e8-b2ba-ac1f6b6435d0_green.png,3.921038491764327,4.2148161421595685,0
066e68c4-bbbd-11e8-b2ba-ac1f6b6435d0_green.png,6.89298008619899,6.805757672267953,0
135c6508-bbaf-11e8-b2ba-ac1f6b6435d0_green.png,7.412490036757694,6.917256245543005,0
1d8ac4c0-bbc8-11e8-b2bc-ac1f6b6435d0_green.png,7.1646453659833815,7.238334674746674,0
127e4e9a-bba4-11e8-b2b9-ac1f6b6435d0_green.png,7.810047465418005,7.72387274269465,0
0f3af8b2-bba6-11e8-b2ba-ac1f6b6435d0_green.png,7.609039137149002,7.479153008332071,0
1853ecc8-bbac-11e8-b2ba-ac1f6b6435d0_green.png,3.332723314424044,3.8417868679394678,0
0142ac38-bbb9-11e8-b2ba-ac1f6b6435d0_green.png,5.401447788828907,6.233807195903603,0
16620282-bbc1-11e8-b2bb-ac1f6b6435d0_green.png,6.328187408642668,6.132985727044304,0
19c13f7e-bbb2-11e8-b2ba-ac1f6b6435d0_green.png,7.058332303051714,7.067578859735819,0
03ec3e0c-bbca-11e8-b2bc-ac1f6b6435d0_green.png,7.573576884418825,7.258355671453826,0
1521891a-bba3-11e8-b2b9-ac1f6b6435d0_green.png,6.2562614571551745,6.765852214652491,0
0278970a-bbb6-11e8-b2ba-ac1f6b6435d0_green.png,3.9877321044856524,4.693592822036884,0
1e401402-bba4-11e8-b2b9-ac1f6b6435d0_green.png,6.779106580179027,6.852411853942897,0
14061d8e-bbad-11e8-b2ba-ac1f6b6435d0_green.png,5.360383011835175,5.539144868664455,0
1734a36c-bba9-11e8-b2ba-ac1f6b6435d0_green.png,7.346687613293352,7.411201819452146,0
04e6f8f8-bb9b-11e8-b2b9-ac1f6b6435d0_green.png,7.11614711647522,7.465182560893171,0
0c5b0cb8-bbbf-11e8-b2ba-ac1f6b6435d0_green.png,6.162999985812689,6.167890304731757,0
13e231be-bbbf-11e8-b2ba-ac1f6b6435d0_green.png,3.5654500115774503,4.459699373813208,0
12f7857e-bbc9-11e8-b2bc-ac1f6b6435d0_green.png,6.304260492859303,6.166368849901396,0
0a3838c8-bbb2-11e8-b2ba-ac1f6b6435d0_green.png,6.863052260662439,6.813352437557764,0
1a90f20c-bbc9-11e8-b2bc-ac1f6b6435d0_green.png,6.064975532806423,6.00673125170761,0
1daebed6-bbbc-11e8-b2ba-ac1f6b6435d0_green.png,6.228201835167172,6.832458963385986,0
1ddec300-bb9a-11e8-b2b9-ac1f6b6435d0_green.png,6.404350245969763,6.334426440958607,0
0cce4f7a-bbba-11e8-b2ba-ac1f6b6435d0_green.png,4.678412038994972,4.9589342414819875,0
03b53f4a-bbb3-11e8-b2ba-ac1f6b6435d0_green.png,4.503054046567601,4.986689846413002,0
066428f0-bbbd-11e8-b2ba-ac1f6b6435d0_green.png,5.541621490906311,5.78648475035778,0
112395a6-bbb7-11e8-b2ba-ac1f6b6435d0_green.png,7.366652196741523,7.372287060115726,0
0386c70e-bbc3-11e8-b2bc-ac1f6b6435d0_green.png,5.732179366083736,5.517649013289869,0
0520b376-bbba-11e8-b2ba-ac1f6b6435d0_green.png,3.7019751211882683,4.733400831940214,0
0462f3c6-bba7-11e8-b2ba-ac1f6b6435d0_green.png,7.67832676767989,7.867508200581042,0
09e5cbe0-bbaf-11e8-b2ba-ac1f6b6435d0_green.png,6.26198961665575,6.387076198337191,0
10d64300-bbbc-11e8-b2ba-ac1f6b6435d0_green.png,6.387494760907698,6.562323231226304,0
1d3062ae-bbc9-11e8-b2bc-ac1f6b6435d0_green.png,7.61088631567746,7.565282923109707,0
118fe1f4-bba1-11e8-b2b9-ac1f6b6435d0_green.png,3.393948216911923,5.040341394171701,0
1cedb566-bbca-11e8-b2bc-ac1f6b6435d0_green.png,3.996832243996709,5.002699380680168,0
0dd56ec6-bb9c-11e8-b2b9-ac1f6b6435d0_green.png,4.142087595493768,4.592573487902984,0
0c3fc23e-bba4-11e8-b2b9-ac1f6b6435d0_green.png,4.7710688188448565,4.901294719002117,0
0b2d1d7e-bba4-11e8-b2b9-ac1f6b6435d0_green.png,7.331786842999599,7.2816608086072785,0
1b37c828-bba8-11e8-b2ba-ac1f6b6435d0_green.png,5.671465206517324,5.5231456528299026,0
05de3e34-bbb3-11e8-b2ba-ac1f6b6435d0_green.png,6.673207546501345,6.847009959126909,0
1e7d15c4-bbc6-11e8-b2bc-ac1f6b6435d0_green.png,6.547743806298195,6.736780227894308,0
16c8f8b4-bba5-11e8-b2ba-ac1f6b6435d0_green.png,4.562964613851571,4.619034124882479,0
1ca2bd24-bbb4-11e8-b2ba-ac1f6b6435d0_green.png,5.98833495298463,6.099220641567154,0
1f25f648-bbb3-11e8-b2ba-ac1f6b6435d0_green.png,7.1961825320507655,7.523625275376614,0
0632ef5c-bbb7-11e8-b2ba-ac1f6b6435d0_green.png,5.802622037941102,5.988159993924383,0
06601ec2-bbae-11e8-b2ba-ac1f6b6435d0_green.png,7.447714607822141,7.399275774457018,0
1dfb890a-bbb2-11e8-b2ba-ac1f6b6435d0_green.png,1.9964027070210923,3.1901559527339693,0
1e63076a-bbb7-11e8-b2ba-ac1f6b6435d0_green.png,2.146397675471558,3.1923035199984837,0
16e15d20-bbc6-11e8-b2bc-ac1f6b6435d0_green.png,5.49283072868327,5.55504081716591,0
1c68e06e-bb9a-11e8-b2b9-ac1f6b6435d0_green.png,4.958418078760482,5.008979705295881,0
06a09dfe-bbbc-11e8-b2ba-ac1f6b6435d0_green.png,5.752405425012628,5.839247117730277,0
18fe4cfa-bb9c-11e8-b2b9-ac1f6b6435d0_green.png,7.305407125278432,7.173406846956764,0
0d1be0a8-bba3-11e8-b2b9-ac1f6b6435d0_green.png,6.511528758767491,6.502166299798857,0
07307a5e-bbc7-11e8-b2bc-ac1f6b6435d0_green.png,4.051384020406144,4.644842908766864,0
1008111e-bbb3-11e8-b2ba-ac1f6b6435d0_green.png,7.000055982311412,7.045866764022161,0
0d3eb548-bbc5-11e8-b2bc-ac1f6b6435d0_green.png,3.2353627499683135,3.9727860512780637,0
13669cc6-bbaa-11e8-b2ba-ac1f6b6435d0_green.png,7.2250887801820936,6.826706623289451,0
14d7980c-bbab-11e8-b2ba-ac1f6b6435d0_green.png,5.054156185277604,5.537843241234997,0
044e4cd2-bba2-11e8-b2b9-ac1f6b6435d0_green.png,6.463398871461932,6.849478366530495,0
15918274-bba8-11e8-b2ba-ac1f6b6435d0_green.png,6.035414658083205,5.953795844922711,0
0f0116c6-bbb8-11e8-b2ba-ac1f6b6435d0_green.png,4.101326323678984,4.901244639540462,0
087fa2ba-bbca-11e8-b2bc-ac1f6b6435d0_green.png,4.477369740314901,5.30320178605785,0
00b580c6-bbb2-11e8-b2ba-ac1f6b6435d0_green.png,5.560503648998943,5.964026475305926,0
08cb8834-bbb0-11e8-b2ba-ac1f6b6435d0_green.png,7.259516698301186,7.3220541728715585,0
05e2335a-bbc6-11e8-b2bc-ac1f6b6435d0_green.png,7.025537328041592,6.925669413509364,0
1ef542c8-bba9-11e8-b2ba-ac1f6b6435d0_green.png,2.570953459252404,3.6853371052933284,0
089d48be-bba8-11e8-b2ba-ac1f6b6435d0_green.png,7.95163327544565,7.8619495410601035,0
1b4a7b8e-bb9f-11e8-b2b9-ac1f6b6435d0_green.png,6.301704429786529,6.477314596536096,0
0cf202d4-bbc5-11e8-b2bc-ac1f6b6435d0_green.png,4.128563641792944,4.64300414457491,0
05dad5a8-bbb0-11e8-b2ba-ac1f6b6435d0_green.png,1.7092869880655612,3.453565238996629,0
7b4f65b8-bbc6-11e8-b2bc-ac1f6b6435d0_green.png,6.054611397284345,6.1466763576745755,1
2b2f2e8a-bbc4-11e8-b2bc-ac1f6b6435d0_green.png,7.127975445522688,7.050764122264404,1
c8eaf9d2-bbca-11e8-b2bc-ac1f6b6435d0_green.png,5.685436453346817,5.625761410714231,1
50e05232-bbc2-11e8-b2bb-ac1f6b6435d0_green.png,5.806172809497861,6.378052559145708,1
000c99ba-bba4-11e8-b2b9-ac1f6b6435d0_green.png,6.260586592171738,6.574368379197283,1
6c2ba464-bbbe-11e8-b2ba-ac1f6b6435d0_green.png,4.577929802326118,4.923023884554314,1
891236ba-bbb9-11e8-b2ba-ac1f6b6435d0_green.png,6.181778830229998,6.4052341756964015,1
5445bb72-bba1-11e8-b2b9-ac1f6b6435d0_green.png,5.106004700459416,5.987517045493705,1
53a73e54-bbc2-11e8-b2bb-ac1f6b6435d0_green.png,6.923452058572137,6.898328271448379,1
ec27ce60-bbbc-11e8-b2ba-ac1f6b6435d0_green.png,5.967930440962407,6.16796841096653,1
6147748e-bbc7-11e8-b2bc-ac1f6b6435d0_green.png,6.874444217866302,7.026654972916081,1
c11b95d6-bb9d-11e8-b2b9-ac1f6b6435d0_green.png,7.377145388816456,7.474952578183566,1
4e9f9c0a-bbca-11e8-b2bc-ac1f6b6435d0_green.png,5.938906906950528,6.237603079477954,1
6c56a77e-bbb7-11e8-b2ba-ac1f6b6435d0_green.png,7.321552205383934,7.276224742338119,1
0881d08c-bb9b-11e8-b2b9-ac1f6b6435d0_green.png,6.263996335303007,6.577224481365191,1
a2ad3eea-bba4-11e8-b2ba-ac1f6b6435d0_green.png,5.905332741502516,6.032328315770894,1
8d1c431e-bbc2-11e8-b2bb-ac1f6b6435d0_green.png,5.24770954263724,5.63763589736611,1
36745a7c-bbc4-11e8-b2bc-ac1f6b6435d0_green.png,6.513751413264627,6.657348509140737,1
c53e22ae-bbb7-11e8-b2ba-ac1f6b6435d0_green.png,5.784273775050577,5.995584304449934,1
accd2f44-bbb7-11e8-b2ba-ac1f6b6435d0_green.png,4.713037724816256,5.270346790274614,1
893c42da-bbae-11e8-b2ba-ac1f6b6435d0_green.png,6.782368321053985,6.698649708176853,1
795b164e-bba3-11e8-b2b9-ac1f6b6435d0_green.png,3.0211035022346624,4.251143235337318,1
f7ceb2b8-bbb9-11e8-b2ba-ac1f6b6435d0_green.png,3.6634027832016813,4.84576367375045,1
4fd8b252-bbaf-11e8-b2ba-ac1f6b6435d0_green.png,6.711441582005689,7.0579011462957135,1
422d9652-bba7-11e8-b2ba-ac1f6b6435d0_green.png,7.831875902280352,7.885313957114741,1
4f3eacf8-bbae-11e8-b2ba-ac1f6b6435d0_green.png,3.720782881777284,4.651790907504986,1
01f3e0da-bb9f-11e8-b2b9-ac1f6b6435d0_green.png,6.445488394782679,6.582607590577811,1
c261fe0c-bbbc-11e8-b2ba-ac1f6b6435d0_green.png,5.7687445055339674,6.199123604375044,1
201831d0-bbc0-11e8-b2bb-ac1f6b6435d0_green.png,5.511520745782653,5.751162155726457,1
fa869452-bbb5-11e8-b2ba-ac1f6b6435d0_green.png,7.896518630184035,7.76901612556636,1
cbff88e8-bbc7-11e8-b2bc-ac1f6b6435d0_green.png,5.995683415657713,5.980571755278756,1
6795f08c-bb99-11e8-b2b9-ac1f6b6435d0_green.png,6.55251855540719,6.692752377297349,1
1fd9e038-bbb1-11e8-b2ba-ac1f6b6435d0_green.png,5.977660837149068,5.9914733258517145,1
8fbd40f6-bbbc-11e8-b2ba-ac1f6b6435d0_green.png,5.621898665268841,5.754401535619231,1
5cc23946-bba7-11e8-b2ba-ac1f6b6435d0_green.png,6.2783715906398125,6.469727829304672,1
06eff580-bbb6-11e8-b2ba-ac1f6b6435d0_green.png,6.087674223556784,6.222366642566693,1
300d9f44-bbc5-11e8-b2bc-ac1f6b6435d0_green.png,6.505262151873834,6.728279452258127,1
756c7896-bbbe-11e8-b2ba-ac1f6b6435d0_green.png,3.7461496840086044,4.5907874338021,1
64e9cdac-bba5-11e8-b2ba-ac1f6b6435d0_green.png,4.631961851738878,5.063077823084082,1
ebaf541e-bbc9-11e8-b2bc-ac1f6b6435d0_green.png,6.553057178814521,6.7687013545613155,1
85bc8ae8-bbb3-11e8-b2ba-ac1f6b6435d0_green.png,6.320544558793773,6.408346764114336,1
bc63d686-bba5-11e8-b2ba-ac1f6b6435d0_green.png,4.4613116960257155,4.28444571976679,1
1f1d0464-bbab-11e8-b2ba-ac1f6b6435d0_green.png,4.881085498591967,5.3963448006551635,1
798a2868-bbb6-11e8-b2ba-ac1f6b6435d0_green.png,4.389776046299935,4.704879373899044,1
54f6134a-bbac-11e8-b2ba-ac1f6b6435d0_green.png,7.534810415751788,7.334309899045014,1
e6cfaf0a-bbb2-11e8-b2ba-ac1f6b6435d0_green.png,5.919576778541105,6.1806680970417895,1
fa77c856-bbaf-11e8-b2ba-ac1f6b6435d0_green.png,5.9508751981065995,6.29713161761439,1
6e64bdc2-bba2-11e8-b2b9-ac1f6b6435d0_green.png,4.891866095714695,5.2790798961652525,1
54d3d200-bb9b-11e8-b2b9-ac1f6b6435d0_green.png,6.052152780928564,5.987329260377377,1
e975d67e-bbbe-11e8-b2ba-ac1f6b6435d0_green.png,7.350154712672435,7.385703948389987,1
7c242e12-bbbf-11e8-b2bb-ac1f6b6435d0_green.png,4.163605818906772,4.636544648192688,1
55612730-bbba-11e8-b2ba-ac1f6b6435d0_green.png,6.58816303889005,6.7161023615306235,1
78f6e878-bb9d-11e8-b2b9-ac1f6b6435d0_green.png,5.541910947171981,6.026225596962595,1
fbeb6eb4-bba4-11e8-b2ba-ac1f6b6435d0_green.png,5.889611394029583,5.983036460441838,1
160fed1c-bb9e-11e8-b2b9-ac1f6b6435d0_green.png,6.115179958108452,6.285145536174467,1
bbb26468-bbc4-11e8-b2bc-ac1f6b6435d0_green.png,7.349276689459748,7.421467409921691,1
a6b5fa42-bbca-11e8-b2bc-ac1f6b6435d0_green.png,6.720857265062703,6.3673228938872555,1
fd87c11e-bba9-11e8-b2ba-ac1f6b6435d0_green.png,4.112656028980048,4.892114363803343,1
b8a6cf22-bbb3-11e8-b2ba-ac1f6b6435d0_green.png,5.473287044914848,5.640126766747242,1
3dc7c66e-bbc5-11e8-b2bc-ac1f6b6435d0_green.png,3.7250776556827816,4.186692429773656,1
e640aab4-bba1-11e8-b2b9-ac1f6b6435d0_green.png,5.010264478548065,5.10164075986652,1
45fcbb18-bba8-11e8-b2ba-ac1f6b6435d0_green.png,5.70578701932479,6.067782047526306,1
1f43745c-bbb8-11e8-b2ba-ac1f6b6435d0_green.png,7.171624551731048,7.1813125354639045,1
f137c772-bba6-11e8-b2ba-ac1f6b6435d0_green.png,4.848856642866244,5.208673568859771,1
acfc07ce-bbbc-11e8-b2ba-ac1f6b6435d0_green.png,7.305182685755005,7.226016541543923,1
979f4900-bbc0-11e8-b2bb-ac1f6b6435d0_green.png,5.851185149725495,6.219959740667289,1
68358ee8-bbbd-11e8-b2ba-ac1f6b6435d0_green.png,5.221483414041641,5.6958742564982,1
8bed641a-bbc1-11e8-b2bb-ac1f6b6435d0_green.png,4.328233851304968,4.847967119413272,1
8a36ffc0-bbb5-11e8-b2ba-ac1f6b6435d0_green.png,7.2491390000005,7.003391914767073,1
167b88dc-bbbd-11e8-b2ba-ac1f6b6435d0_green.png,5.962200881835842,6.314095813943502,1
b47ac804-bbbd-11e8-b2ba-ac1f6b6435d0_green.png,5.9267698134974545,5.931754940152704,1
41121120-bbb7-11e8-b2ba-ac1f6b6435d0_green.png,5.692950970427644,5.832499784971476,1
3f264da4-bbc6-11e8-b2bc-ac1f6b6435d0_green.png,6.85973411763093,6.886313302848617,1
4a094552-bbb5-11e8-b2ba-ac1f6b6435d0_green.png,6.687945712480015,6.7368961137281405,1
2cc00882-bba1-11e8-b2b9-ac1f6b6435d0_green.png,6.666267585224,6.491101677355568,1
f752ee78-bba8-11e8-b2ba-ac1f6b6435d0_green.png,5.815141716239668,6.224686084687506,1
1099781c-bbc1-11e8-b2bb-ac1f6b6435d0_green.png,4.854366974180638,5.267231155600256,1
30060ffe-bba7-11e8-b2ba-ac1f6b6435d0_green.png,4.785766966796344,5.470782377038045,1
f0fcc2fa-bbb3-11e8-b2ba-ac1f6b6435d0_green.png,5.482569248997716,5.286489871036712,1
1a97421e-bbbb-11e8-b2ba-ac1f6b6435d0_green.png,5.921348821984953,6.158842363209608,1
c12257de-bba4-11e8-b2ba-ac1f6b6435d0_green.png,8.164091228306514,8.122761016148466,1
1968ae20-bba5-11e8-b2ba-ac1f6b6435d0_green.png,6.384229875585513,6.401875038718011,1
37bc9276-bbb7-11e8-b2ba-ac1f6b6435d0_green.png,4.269922783946506,4.992031055093733,1
3b286b62-bbc9-11e8-b2bc-ac1f6b6435d0_green.png,4.330490992387759,4.684693443428708,1
4ad4bdc6-bbc0-11e8-b2bb-ac1f6b6435d0_green.png,6.56339809268675,6.628200161371275,1
c0febb58-bbbd-11e8-b2ba-ac1f6b6435d0_green.png,4.736958473389869,5.178275605900914,1
bde0f150-bbba-11e8-b2ba-ac1f6b6435d0_green.png,5.526507685230047,5.90596687145378,1
fe5311d4-bbb8-11e8-b2ba-ac1f6b6435d0_green.png,4.69840332602511,4.591910204842222,1
f15fb068-bba9-11e8-b2ba-ac1f6b6435d0_green.png,6.41793487828662,6.287434816877051,1
4bf19fa2-bbad-11e8-b2ba-ac1f6b6435d0_green.png,7.071911789031807,6.588853348038363,1
c67ea822-bb9f-11e8-b2b9-ac1f6b6435d0_green.png,6.448561398282473,6.106817756487047,1
65dc0ed4-bbbc-11e8-b2ba-ac1f6b6435d0_green.png,5.566761255962232,5.7128883445267045,1
9c2df81e-bbbf-11e8-b2bb-ac1f6b6435d0_green.png,6.253001503698552,6.142914508598583,1
7fbc1234-bbb4-11e8-b2ba-ac1f6b6435d0_green.png,6.840185498512936,6.851236448526436,1
9517ad78-bba0-11e8-b2b9-ac1f6b6435d0_green.png,7.37477917074189,7.397164896524568,1
cf73e228-bbc5-11e8-b2bc-ac1f6b6435d0_green.png,5.56325847401572,5.612950140359314,1
3de613e4-bbb1-11e8-b2ba-ac1f6b6435d0_green.png,6.150381688443393,6.149231718627395,1
aaa5919c-bbae-11e8-b2ba-ac1f6b6435d0_green.png,3.374003678145751,4.433967298450172,1
136873e8-bb9b-11e8-b2b9-ac1f6b6435d0_green.png,7.094145704575041,6.927935480525766,1
460492a0-bbaa-11e8-b2ba-ac1f6b6435d0_green.png,6.599534662563073,6.594667260103035,1
45250282-bbb1-11e8-b2ba-ac1f6b6435d0_green.png,6.072147481282504,5.853210018338999,1
0dfa6a3e-bbbd-11e8-b2ba-ac1f6b6435d0_green.png,6.6311831326777,6.648185883278278,1
12f5cb5e-bbaf-11e8-b2ba-ac1f6b6435d0_green.png,6.239345722684822,6.451634267654206,1
73966c8e-bba5-11e8-b2ba-ac1f6b6435d0_green.png,5.179669199734249,5.46663509647224,1
77f8616c-bba3-11e8-b2b9-ac1f6b6435d0_green.png,5.51924884279934,5.7904840982900065,1
3feda49e-bbb2-11e8-b2ba-ac1f6b6435d0_green.png,7.576931393516362,7.545386112276223,1
84e33aee-bba5-11e8-b2ba-ac1f6b6435d0_green.png,5.895277893567152,6.003289620755753,1
822ee784-bbb5-11e8-b2ba-ac1f6b6435d0_green.png,5.723950880380415,6.121994971720919,1
d3da82c4-bbc8-11e8-b2bc-ac1f6b6435d0_green.png,5.603660784440028,5.331061174669654,1
e509a786-bba6-11e8-b2ba-ac1f6b6435d0_green.png,4.733843259581906,4.869604910900471,1
44fb0886-bbbd-11e8-b2ba-ac1f6b6435d0_green.png,7.441152345584575,7.435295540849168,1
2caf7f12-bb9c-11e8-b2b9-ac1f6b6435d0_green.png,7.435602274289109,7.5299672772162864,1
d81a9958-bba2-11e8-b2b9-ac1f6b6435d0_green.png,7.812738289425233,7.761270138323805,1
0770dca8-bba8-11e8-b2ba-ac1f6b6435d0_green.png,6.885696967141571,6.777035989489306,1
5b2ee9a0-bba0-11e8-b2b9-ac1f6b6435d0_green.png,7.729364302337676,7.760213543012043,1
39177ab6-bbb0-11e8-b2ba-ac1f6b6435d0_green.png,6.4004083902574465,6.638271018524421,1
6676157a-bba7-11e8-b2ba-ac1f6b6435d0_green.png,5.670283280562304,6.017456147589412,1
89c5cda0-bbc9-11e8-b2bc-ac1f6b6435d0_green.png,5.046319441874957,5.241498029142528,1
76639aea-bbaa-11e8-b2ba-ac1f6b6435d0_green.png,7.538033100211608,7.330612308862134,1
51118da0-bbba-11e8-b2ba-ac1f6b6435d0_green.png,5.816240618374787,5.970038952080568,1
c1d2e4dc-bbc2-11e8-b2bc-ac1f6b6435d0_green.png,6.649505442261301,6.802328122504007,1
5517b50c-bbc2-11e8-b2bb-ac1f6b6435d0_green.png,5.575262792759602,5.4959862840571425,1
26890070-bbc1-11e8-b2bb-ac1f6b6435d0_green.png,6.4979163337437065,6.433373879897721,1
0e40a38c-bba9-11e8-b2ba-ac1f6b6435d0_green.png,7.1831072793221225,7.085628822330939,1
0905b28c-bbad-11e8-b2ba-ac1f6b6435d0_green.png,5.313498460974325,5.696871168541145,1
22640686-bbb0-11e8-b2ba-ac1f6b6435d0_green.png,6.444497327477131,6.481346529504741,1
ff23f724-bbb1-11e8-b2ba-ac1f6b6435d0_green.png,6.681581709780989,6.05116844903138,1
2e8a7bea-bbbd-11e8-b2ba-ac1f6b6435d0_green.png,6.888190297863699,6.791997129908579,1
88669d06-bbbd-11e8-b2ba-ac1f6b6435d0_green.png,5.624623389855581,6.152711194487012,1
f3a6049e-bbbd-11e8-b2ba-ac1f6b6435d0_green.png,5.1948505250663235,5.434185805869984,1
3b7af758-bbb8-11e8-b2ba-ac1f6b6435d0_green.png,5.974209411631394,6.040562767477933,1
e15a6640-bbae-11e8-b2ba-ac1f6b6435d0_green.png,6.358600721065368,6.42135624199828,1
8573a21e-bbc8-11e8-b2bc-ac1f6b6435d0_green.png,7.549093661742547,7.539725137828922,1
53e0980e-bbac-11e8-b2ba-ac1f6b6435d0_green.png,4.719188145215185,5.58862020271706,1
4342adf0-bbc7-11e8-b2bc-ac1f6b6435d0_green.png,6.713014678776572,6.748810637920547,1
88a832fa-bbbf-11e8-b2bb-ac1f6b6435d0_green.png,4.895716137575279,5.455449194209708,1
76570b92-bba8-11e8-b2ba-ac1f6b6435d0_green.png,5.952949663180126,5.825503354858005,1
e56d3fbc-bbba-11e8-b2ba-ac1f6b6435d0_green.png,6.986916004127329,6.741393912990479,1
2b469370-bbb7-11e8-b2ba-ac1f6b6435d0_green.png,7.140544752384068,7.125988868247966,1
f45779d4-bbc9-11e8-b2bc-ac1f6b6435d0_green.png,6.781890992212665,6.470596990726771,1
abf658c2-bbba-11e8-b2ba-ac1f6b6435d0_green.png,5.477130371034938,5.600686127321201,1
8523486e-bba0-11e8-b2b9-ac1f6b6435d0_green.png,7.2537528597400325,7.078446200398938,1
c57b55f6-bbbd-11e8-b2ba-ac1f6b6435d0_green.png,6.093673794939162,6.093081430012635,1
797a0614-bb9c-11e8-b2b9-ac1f6b6435d0_green.png,6.907004553657563,7.119091533800408,1
5a7da0fe-bbb0-11e8-b2ba-ac1f6b6435d0_green.png,7.295202403955756,7.3307416622862736,1
40a29938-bba0-11e8-b2b9-ac1f6b6435d0_green.png,6.920215406223173,6.938275502171198,1
02e27b14-bba9-11e8-b2ba-ac1f6b6435d0_green.png,6.977541710105235,6.862251704869132,1
e6fe4a2c-bbb2-11e8-b2ba-ac1f6b6435d0_green.png,3.8257662851323864,4.196124968017128,1
e10bc054-bbb7-11e8-b2ba-ac1f6b6435d0_green.png,6.97850207762011,7.114745161539521,1
413a1bd0-bba7-11e8-b2ba-ac1f6b6435d0_green.png,6.220528396083699,6.381077045176486,1
6598b240-bbb9-11e8-b2ba-ac1f6b6435d0_green.png,5.05077740002092,5.102461861413544,1
c4d0d77c-bbc0-11e8-b2bb-ac1f6b6435d0_green.png,6.314467759902193,5.98719193083933,1
64187d96-bbba-11e8-b2ba-ac1f6b6435d0_green.png,5.721419437603377,5.825044919618133,1
ec0badb6-bbb7-11e8-b2ba-ac1f6b6435d0_green.png,6.471302136885033,6.824970950478339,1
13082412-bbbd-11e8-b2ba-ac1f6b6435d0_green.png,6.102832295334483,6.03373258036564,1
3077703e-bbc7-11e8-b2bc-ac1f6b6435d0_green.png,5.891347404170919,5.923889980003702,1
678b9544-bbab-11e8-b2ba-ac1f6b6435d0_green.png,6.935701377775742,7.090761121188807,1
77871f6e-bbbe-11e8-b2ba-ac1f6b6435d0_green.png,6.715088572884557,6.483813628655206,1
7e6ae4ee-bba7-11e8-b2ba-ac1f6b6435d0_green.png,4.559628443239976,4.947171720436263,1
8ce5eee4-bba5-11e8-b2ba-ac1f6b6435d0_green.png,6.0231068424365635,6.1654918832501355,1
ee871cba-bbb7-11e8-b2ba-ac1f6b6435d0_green.png,7.186299918935561,7.067469148149483,1
3154d1ce-bbc5-11e8-b2bc-ac1f6b6435d0_green.png,4.043328413984678,4.590306434239377,1
4e65637e-bbab-11e8-b2ba-ac1f6b6435d0_green.png,4.58702446098315,5.149581980571763,1
b9af306c-bbc2-11e8-b2bc-ac1f6b6435d0_green.png,6.626509363512763,6.415223170644634,1
cb679146-bb9f-11e8-b2b9-ac1f6b6435d0_green.png,5.628150110079096,5.739628204961865,1
4d6da9dc-bbaf-11e8-b2ba-ac1f6b6435d0_green.png,6.584971968265384,6.3324397443835325,1
bf18416e-bb9b-11e8-b2b9-ac1f6b6435d0_green.png,6.394800216286443,6.457858006557391,1
621b470e-bbc8-11e8-b2bc-ac1f6b6435d0_green.png,6.080185726783542,6.183343079807816,1
449d4c8a-bbab-11e8-b2ba-ac1f6b6435d0_green.png,7.558262377207873,7.5027396504249,1
63ee9a32-bba9-11e8-b2ba-ac1f6b6435d0_green.png,7.774202421810646,7.768836669879984,1
739a816e-bbbb-11e8-b2ba-ac1f6b6435d0_green.png,6.188601506397809,5.727147248089223,1
93f6e194-bbc2-11e8-b2bb-ac1f6b6435d0_green.png,6.670833870168966,6.758169420198012,1
8b1b6eca-bbc0-11e8-b2bb-ac1f6b6435d0_green.png,4.1548332972961495,4.772249698479926,1
28ef8988-bbc6-11e8-b2bc-ac1f6b6435d0_green.png,4.378752241886206,4.461137789070044,1
2489a77c-bbb0-11e8-b2ba-ac1f6b6435d0_green.png,6.769017203622733,6.648182863045754,1
70b037a4-bb9e-11e8-b2b9-ac1f6b6435d0_green.png,7.251918235490484,7.17100818223384,1
636e3c7a-bba4-11e8-b2b9-ac1f6b6435d0_green.png,6.7697638951717245,6.9750316913392005,1
2b4863fa-bbba-11e8-b2ba-ac1f6b6435d0_green.png,6.789809864772035,6.836644818158535,1
5c3527fc-bba4-11e8-b2b9-ac1f6b6435d0_green.png,7.285732957388751,7.246674562337031,1
1625b570-bbc6-11e8-b2bc-ac1f6b6435d0_green.png,5.024920322686793,5.466487560502646,1
bc42f05a-bb9c-11e8-b2b9-ac1f6b6435d0_green.png,5.690369027779875,5.82034751473282,1
c8c14ca8-bbbc-11e8-b2ba-ac1f6b6435d0_green.png,6.3163151533962685,6.377274412510274,1
23ae968a-bba3-11e8-b2b9-ac1f6b6435d0_green.png,7.292460077537157,7.392530859921204,1
cb1d9056-bba8-11e8-b2ba-ac1f6b6435d0_green.png,6.69140528895233,6.384700716337004,1
883f07ac-bbca-11e8-b2bc-ac1f6b6435d0_green.png,6.061523995423367,6.076340294448375,1
ec584308-bbab-11e8-b2ba-ac1f6b6435d0_green.png,5.647123060679516,5.856204752453451,1
f3b4eefc-bbb1-11e8-b2ba-ac1f6b6435d0_green.png,7.282972283059538,7.240976497115641,1
636bc518-bba3-11e8-b2b9-ac1f6b6435d0_green.png,7.3459054768399845,7.196508235754485,1
9f93cc10-bba4-11e8-b2b9-ac1f6b6435d0_green.png,7.40069985265852,6.846023844867239,1
8a69df7a-bb9d-11e8-b2b9-ac1f6b6435d0_green.png,6.230409899220877,6.512224591924744,1
8046a96a-bbc5-11e8-b2bc-ac1f6b6435d0_green.png,5.5342127748784185,5.9303852613874914,1
4876bcc0-bbb4-11e8-b2ba-ac1f6b6435d0_green.png,3.819095350583031,4.804422173470129,1
f3baf832-bbb7-11e8-b2ba-ac1f6b6435d0_green.png,7.227625902047023,7.32487562256823,1
76fe71dc-bbbe-11e8-b2ba-ac1f6b6435d0_green.png,5.994028136111147,6.242061345607443,1
2b157ab2-bbb5-11e8-b2ba-ac1f6b6435d0_green.png,5.091061637641486,5.501293465025586,1
66dbd4ec-bbab-11e8-b2ba-ac1f6b6435d0_green.png,6.605519494286517,6.6705180289098385,1
069310d0-bbb7-11e8-b2ba-ac1f6b6435d0_green.png,6.106577259398662,5.948369551207838,1
d1b563c6-bba8-11e8-b2ba-ac1f6b6435d0_green.png,4.630213081708509,4.849862068363935,1
f57bf29a-bbab-11e8-b2ba-ac1f6b6435d0_green.png,4.457943768518797,4.958063426256242,1
cad096ac-bba3-11e8-b2b9-ac1f6b6435d0_green.png,7.391835701694983,7.331041594038269,1
bac04642-bbb5-11e8-b2ba-ac1f6b6435d0_green.png,8.104326694493427,8.134022783270822,1
1eaa717e-bba1-11e8-b2b9-ac1f6b6435d0_green.png,7.248805546189665,7.416640392085243,1
200caa6e-bbb0-11e8-b2ba-ac1f6b6435d0_green.png,6.122518347156941,6.324636645498028,1
c3ff9afc-bbc7-11e8-b2bc-ac1f6b6435d0_green.png,5.253925894308714,4.978612946175734,1
bf02883c-bbbf-11e8-b2bb-ac1f6b6435d0_green.png,4.527808325646729,4.5953068860213255,1
c5167ba2-bbbf-11e8-b2bb-ac1f6b6435d0_green.png,6.533138702430957,6.572851191538936,1
43b96b0a-bbab-11e8-b2ba-ac1f6b6435d0_green.png,6.561448223009984,6.67510332639743,1
775f0d14-bba3-11e8-b2b9-ac1f6b6435d0_green.png,5.186645083714138,5.693337683546363,1
e0f8d87a-bbb4-11e8-b2ba-ac1f6b6435d0_green.png,5.796136670927587,5.664332095495139,1
39c9a9ee-bb9b-11e8-b2b9-ac1f6b6435d0_green.png,4.287567819910586,4.725003691016215,1
d2a910ae-bba6-11e8-b2ba-ac1f6b6435d0_green.png,5.8983124834322656,6.071278646911165,1
ba85de70-bba7-11e8-b2ba-ac1f6b6435d0_green.png,5.744740690552776,5.655396027213055,1
4e6ddc4a-bb9f-11e8-b2b9-ac1f6b6435d0_green.png,5.127632073061124,5.540968450033987,1
c68ff6fc-bbc4-11e8-b2bc-ac1f6b6435d0_green.png,6.533785954284871,6.6669027987822345,1
8df58612-bbb6-11e8-b2ba-ac1f6b6435d0_green.png,4.9628868520433445,5.604941927365215,1
29b33868-bbc3-11e8-b2bc-ac1f6b6435d0_green.png,7.450880076614974,7.447321755335608,1
9acb5c1a-bbb4-11e8-b2ba-ac1f6b6435d0_green.png,6.792048104141591,6.894111996048922,1
6400ef88-bbb4-11e8-b2ba-ac1f6b6435d0_green.png,7.412793872019279,7.466457040895544,1
22dbcd20-bb9b-11e8-b2b9-ac1f6b6435d0_green.png,7.426599838828697,7.430257456983906,1
144c1132-bbb1-11e8-b2ba-ac1f6b6435d0_green.png,5.848177834325681,5.856416292376389,1
43625afe-bbbf-11e8-b2ba-ac1f6b6435d0_green.png,6.781532974757213,6.6890856291848255,1
531776c4-bbb9-11e8-b2ba-ac1f6b6435d0_green.png,6.123378454035904,6.363856561043894,1
8ca82bfc-bbca-11e8-b2bc-ac1f6b6435d0_green.png,7.023931857008709,6.982175446715926,1
476d2866-bbc6-11e8-b2bc-ac1f6b6435d0_green.png,5.290731516471778,5.1979245384789605,1
aa6708a2-bbc5-11e8-b2bc-ac1f6b6435d0_green.png,7.099396002980162,7.293590481030027,1
3f0a3454-bbbf-11e8-b2ba-ac1f6b6435d0_green.png,5.680086419327688,5.088759975401771,1
f6c67a4e-bbbf-11e8-b2bb-ac1f6b6435d0_green.png,6.284320182906683,6.4983848342834065,1
d2ac5e9a-bbbe-11e8-b2ba-ac1f6b6435d0_green.png,6.138944037698146,6.119189780937713,1
0651f94a-bbb4-11e8-b2ba-ac1f6b6435d0_green.png,6.910786441162422,6.794794435622881,1
0dcae53e-bba9-11e8-b2ba-ac1f6b6435d0_green.png,6.197095156316521,6.236544969926754,1
cfd9ea7c-bbb7-11e8-b2ba-ac1f6b6435d0_green.png,3.5229780563919117,4.620668200754931,1
ef0a474a-bbbf-11e8-b2bb-ac1f6b6435d0_green.png,5.700683639616583,5.765864781031533,1
eb7caa62-bb99-11e8-b2b9-ac1f6b6435d0_green.png,6.483350295525321,6.589127963981138,1
8b33ff08-bbbb-11e8-b2ba-ac1f6b6435d0_green.png,6.790303506278714,6.7754625598905305,1
4ea7a640-bbaf-11e8-b2ba-ac1f6b6435d0_green.png,7.187163525848833,7.267896075292327,1
5d032410-bbc5-11e8-b2bc-ac1f6b6435d0_green.png,4.937071174680883,5.223089077385306,1
f353f38c-bbc4-11e8-b2bc-ac1f6b6435d0_green.png,6.872307105220754,6.98938314084134,1
84c318ba-bbc6-11e8-b2bc-ac1f6b6435d0_green.png,5.052196393630951,5.417264548107456,1
6f69ec1e-bbc1-11e8-b2bb-ac1f6b6435d0_green.png,6.121559957764825,6.165423152363815,1
4b4fd632-bbc5-11e8-b2bc-ac1f6b6435d0_green.png,4.451559249780545,4.785176822536402,1
0e4f82ec-bbb5-11e8-b2ba-ac1f6b6435d0_green.png,6.338829953201058,5.988136981595879,1
a3868b8c-bbb3-11e8-b2ba-ac1f6b6435d0_green.png,6.466408263066535,6.340280673620644,1
fc264e56-bb9c-11e8-b2b9-ac1f6b6435d0_green.png,6.606508971987012,6.587214413203248,1
f92bb68a-bb9e-11e8-b2b9-ac1f6b6435d0_green.png,4.306130993174825,5.077787719443212,1
d014e772-bb9d-11e8-b2b9-ac1f6b6435d0_green.png,7.397763521315207,7.0876682119263,1
1e3f925e-bbb1-11e8-b2ba-ac1f6b6435d0_green.png,3.8175354665669716,4.447905774190485,1
5d5efe10-bba8-11e8-b2ba-ac1f6b6435d0_green.png,6.446300777368778,6.598278337082956,1
2b9f2afa-bba6-11e8-b2ba-ac1f6b6435d0_green.png,7.714358372425176,7.804212347288359,1
dfd47b4c-bbc9-11e8-b2bc-ac1f6b6435d0_green.png,2.939915340630569,3.879444479274625,1
5611f952-bbb5-11e8-b2ba-ac1f6b6435d0_green.png,7.811780519669668,7.534186399229179,1
61d4eeea-bbb3-11e8-b2ba-ac1f6b6435d0_green.png,6.148586296596342,6.235349912137794,1
ae374436-bb9a-11e8-b2b9-ac1f6b6435d0_green.png,6.22821224652041,6.3604574733727315,1
31e853c8-bba1-11e8-b2b9-ac1f6b6435d0_green.png,5.764692047197286,5.825029976695703,1
6b0c4ea8-bbc8-11e8-b2bc-ac1f6b6435d0_green.png,6.880222469532791,6.9259222180481235,1
1c40f88a-bbbb-11e8-b2ba-ac1f6b6435d0_green.png,4.904492771045373,5.412523772310341,1
a5b78c4c-bb9c-11e8-b2b9-ac1f6b6435d0_green.png,5.503783406467567,5.9643809032962976,1
95887fea-bbae-11e8-b2ba-ac1f6b6435d0_green.png,6.482610826004988,6.724990331645277,1
6bc5b98e-bba9-11e8-b2ba-ac1f6b6435d0_green.png,7.213886017853204,6.96137032638862,1
19865348-bbbf-11e8-b2ba-ac1f6b6435d0_green.png,6.866605272704733,6.883764503948935,1
ce8eecaa-bbab-11e8-b2ba-ac1f6b6435d0_green.png,5.540997797903858,5.73833902637727,1
72e949f0-bbc8-11e8-b2bc-ac1f6b6435d0_green.png,7.002171668203423,7.139903197481854,1
e27f9d84-bbad-11e8-b2ba-ac1f6b6435d0_green.png,7.474985114537021,7.487791775595654,1
b829943a-bb9a-11e8-b2b9-ac1f6b6435d0_green.png,5.407376965135299,5.7530818959543275,1
e18036cc-bba4-11e8-b2ba-ac1f6b6435d0_green.png,7.476453696588586,7.257498961616881,1
5ac07286-bbaa-11e8-b2ba-ac1f6b6435d0_green.png,6.849203504220247,7.016768461557968,1
208787ce-bbb1-11e8-b2ba-ac1f6b6435d0_green.png,6.613846533759702,6.884416266893443,1
82f6782a-bbca-11e8-b2bc-ac1f6b6435d0_green.png,6.619984253924537,6.651180632385399,1
fc744490-bbb9-11e8-b2ba-ac1f6b6435d0_green.png,5.241741539684977,4.999220238630083,1
4f88e5c6-bba8-11e8-b2ba-ac1f6b6435d0_green.png,6.27115307825836,6.04728175795478,1
45d38d90-bbc3-11e8-b2bc-ac1f6b6435d0_green.png,4.043980195827599,4.550930846434348,1
6a82da18-bbc5-11e8-b2bc-ac1f6b6435d0_green.png,5.168008739803878,5.42624386781276,1
